黏老鼠？,80.36000,2018-05-08 02:05:00
这,53.70000,2018-05-08 02:15:46
这BGM满分,7.72000,2018-05-08 02:15:59
糟糕的视角,164.71400,2018-05-08 02:19:04
不会无法呼吸吗,62.82200,2018-05-08 02:19:50
哈哈哈哈哈哈哈哈？？,16.85000,2018-05-08 02:20:46
6666,60.23800,2018-05-08 02:22:27
拖鞋啊,17.00000,2018-05-08 02:30:01
233333,33.28000,2018-05-08 02:30:31
粘老鼠用的那种吗,38.33700,2018-05-08 02:43:13
脸糊上了怎么办,58.21800,2018-05-08 02:44:06
冰糖固有结界发动,24.08000,2018-05-08 02:45:06
这音效啊,49.08900,2018-05-08 02:47:54
看到冰糖还是这么绅士，老夫就放心了,97.03500,2018-05-08 02:51:00
咋过得审呀,22.33600,2018-05-08 02:51:03
便乘龙用腮呼吸,91.77300,2018-05-08 02:58:50
woc,60.36000,2018-05-08 03:03:04
太刺激了,79.52600,2018-05-08 03:03:23
哇,161.11600,2018-05-08 03:03:36
每次扫黄都有你,47.30700,2018-05-08 03:03:52
233,19.22100,2018-05-08 03:09:28
GG,37.70300,2018-05-08 03:15:00
这声音好奇怪,20.85100,2018-05-08 03:18:08
拔丝飞哥,38.77300,2018-05-08 03:28:14
这是什么play？（滑稽）,14.94200,2018-05-08 03:28:59
我永不拖鞋,39.84700,2018-05-08 03:30:24
拖鞋呀,26.01600,2018-05-08 03:35:45
不愧是冰（bian）糖（tai）,47.68900,2018-05-08 03:45:28
这个姿势emmm,160.33800,2018-05-08 03:53:08
我看过初音版的,20.72600,2018-05-08 04:08:04
噗！哈哈！莫名喜感,16.94100,2018-05-08 04:09:45
好刺激啊,19.41100,2018-05-08 04:34:22
你以为是胶，其实是融化的冰糖,48.27100,2018-05-08 04:41:45
飞哥的翘臀,170.60200,2018-05-08 04:46:39
！！！,48.64100,2018-05-08 04:57:58
老鼠胶,14.58300,2018-05-08 05:23:38
捕获成功,62.79300,2018-05-08 06:17:02
音效emmmmm,84.53800,2018-05-08 06:17:24
这居然不会摔倒？,24.66200,2018-05-08 06:22:51
噢，倒了,38.48200,2018-05-08 06:23:10
把鞋脱了不就行了,16.81800,2018-05-08 07:07:10
怎么过审的？,28.18400,2018-05-08 08:11:00
特别担心头发被粘上……,44.28100,2018-05-08 08:18:50
GV画质？！,1.87200,2018-05-08 08:20:21
背着地就无敌了,69.67100,2018-05-08 08:42:15
飛哥渐渐蜜汁脸红,52.84400,2018-05-08 09:10:30
感觉走路的姿态有点娘气,78.35700,2018-05-08 23:04:18
？？？？？？？？？？？？？,6.83400,2018-05-09 20:02:06
23333333333333,25.95600,2018-05-10 03:22:02
GG,42.88100,2018-05-10 03:22:19
哈哈哈,105.91700,2018-05-10 03:23:22
2333333333333333333333333,169.78000,2018-05-10 03:24:26
23333333333333,46.65700,2018-05-10 04:40:28
不愧是冰糖,20.30900,2018-05-10 15:29:48
你的后背我收下了,49.58300,2018-05-12 06:52:25
好臀,161.38200,2018-05-13 00:04:38
脸都埋进去了吧歪,57.56000,2018-05-13 01:00:12
对不起我要犯罪了,109.58600,2018-05-25 22:46:14
？？？？？？？？？？？？？,11.39200,2018-06-03 06:31:07
噫,159.48200,2018-07-21 04:31:06
可怕,48.38100,2018-07-21 18:43:21
啧啧啧,45.98400,2018-07-24 05:55:19
口工是第一生产力,69.68000,2018-07-24 05:55:43
天呐，这翘臀,46.42200,2018-08-10 05:18:20
分割5好身材,60.57700,2018-08-19 23:56:36
被玩坏的眼神,57.54200,2018-08-24 07:44:58
我终于知道老鼠是怎么一整个粘老鼠板上的了,43.15800,2018-08-26 08:23:16
飞哥:放弃治疗,53.54800,2018-08-26 08:23:33
现在脱鞋还来得及,13.15100,2019-05-26 09:30:18
