·,89.68400,2019-03-31 21:05:13
卒業おめでとう,29.67400,2019-03-31 21:07:41
逐渐擦起盘子,211.29000,2019-03-31 21:07:49
因为你拥有着paryi pro的血缘啊哈哈哈哈（,282.55600,2019-03-31 21:10:11
握草,495.79000,2019-03-31 21:11:26
宇宙女鬼猫猫（确信）,414.42800,2019-03-31 21:12:23
要作为艺人vtb重生?,374.16000,2019-03-31 21:14:11
草 多个尾巴233,418.28000,2019-03-31 21:15:04
new type草,413.10900,2019-03-31 21:17:08
草,411.62500,2019-03-31 21:19:04
草,434.39300,2019-03-31 21:19:45
触手吗,432.80400,2019-03-31 21:20:20
FGO（难视,493.29300,2019-03-31 21:21:49
卧槽,537.81700,2019-03-31 21:22:53
结果却变成了沙雕网友(悲),278.67600,2019-03-31 21:23:49
猫猫变成鱼了!,509.63200,2019-03-31 21:24:19
触手太草,424.96600,2019-03-31 21:25:17
猫——猫——,8.20200,2019-03-31 21:26:15
这个发卡。。,500.81100,2019-03-31 21:25:47
草,493.00600,2019-03-31 21:27:18
救救猫猫,246.10800,2019-03-31 21:28:26
猫反省,296.60700,2019-03-31 21:28:29
救救猫猫QAQ,131.52800,2019-03-31 21:28:44
yamero！猫——猫——,24.61800,2019-03-31 21:29:35
10分钟摸了40秒 狗屎,56.20300,2019-03-31 21:29:46
所以说终于要转生为搞笑艺人了么？,340.35800,2019-03-31 21:29:07
跟张京华一样了……,500.24500,2019-03-31 21:30:54
kksk,412.03100,2019-03-31 21:31:12
猫——猫——,38.76500,2019-03-31 21:31:53
fgo草,499.78200,2019-03-31 21:32:34
c,501.53900,2019-03-31 21:32:41
new type,350.89700,2019-03-31 21:33:05
真的十分钟,65.55100,2019-03-31 21:33:09
回生,187.38200,2019-03-31 21:33:11
插上了尾巴（）,426.08100,2019-03-31 21:34:20
ん？,278.20100,2019-03-31 21:33:28
233,223.00900,2019-03-31 21:33:30
斯哈斯哈,486.29000,2019-03-31 21:35:22
切下来的尾巴WWWW,443.54200,2019-03-31 21:36:10
节日快乐,20.81500,2019-03-31 21:36:20
草,414.05800,2019-03-31 21:35:41
草,502.40700,2019-03-31 21:37:13
新形态是砍掉的尾巴长回来了？草,415.03700,2019-03-31 21:36:41
再见猫猫你好虎虎,31.49000,2019-03-31 21:36:53
是装上去的啊,441.63800,2019-03-31 21:38:13
转生搞笑艺人,293.11600,2019-03-31 21:42:28
猫--猫----！！！,24.96500,2019-03-31 21:45:04
啾啾猫猫,6.76300,2019-03-31 21:47:15
猫--------------------猫---------------------------,368.21600,2019-03-31 21:49:04
回生,167.91800,2019-03-31 21:48:40
本体,528.76800,2019-03-31 21:51:45
草，为啥鱼眼要动啊,495.48300,2019-03-31 21:51:03
嗯？,277.23000,2019-03-31 21:55:44
顺带把鱼救活了,578.01400,2019-03-31 21:55:54
让我康康,402.67900,2019-03-31 21:57:02
好可爱,524.78500,2019-03-31 21:59:04
猫要吃鱼力,551.64500,2019-03-31 21:59:31
京鸽鸽也是的,503.13400,2019-03-31 21:58:42
888888888,437.65300,2019-03-31 22:09:32
救救猫猫！,225.60700,2019-03-31 22:13:24
这也太恐怖了〒▽〒,520.22400,2019-03-31 22:16:31
yamero!!!!,371.28700,2019-03-31 22:16:47
马赛克莫名sai情,59.03400,2019-03-31 22:19:29
fc2草,219.74200,2019-03-31 22:22:27
秽土转生,182.99300,2019-03-31 22:22:44
泪目,19.36000,2019-03-31 22:26:40
沙雕网友化,290.04600,2019-03-31 22:33:35
救救猫猫草,222.55100,2019-03-31 22:39:37
草,500.03300,2019-03-31 22:42:54
草,231.40000,2019-03-31 22:45:37
本来还有点莫名兴奋的,299.05500,2019-03-31 22:46:45
时代的眼泪,28.27200,2019-03-31 22:54:08
哦？？,339.25600,2019-03-31 22:54:49
no~~~~~~~~~~~~~~~,374.73600,2019-03-31 22:55:25
啪唧啪唧,429.79300,2019-03-31 22:56:20
wwwwwwwwww,497.49500,2019-03-31 22:57:28
草,234.75700,2019-03-31 22:58:07
赛琳娜：变猫,454.31900,2019-03-31 23:03:39
更新日志：我们修复了被弄丢的沙雕插件,493.06400,2019-03-31 23:04:18
为什么鱼眼跟着动啊,517.09400,2019-03-31 23:04:42
调皮,434.34600,2019-03-31 23:10:09
你也是魔法少女？,539.88200,2019-03-31 23:14:55
本体咸鱼,508.56300,2019-03-31 23:19:56
草,414.28900,2019-03-31 23:26:27
A,108.99200,2019-03-31 23:41:04
救救猫猫,9.83000,2019-03-31 23:42:41
十分钟加一秒,79.27400,2019-03-31 23:50:17
熟悉的bgm,399.68900,2019-03-31 23:50:08
尾巴,416.41700,2019-03-31 23:52:19
草，这个会动意义在哪，不放大很难注意到啊,493.33200,2019-03-31 23:55:03
明白了，鱼才是本体！,514.37700,2019-03-31 23:54:15
233,587.16400,2019-03-31 23:55:54
鱼是本体,560.70000,2019-04-01 00:01:45
火 帕里 火,456.38100,2019-04-01 00:05:05
草。这sc,225.22500,2019-04-01 00:10:35
我哭了 呜呜呜（无感情）,355.38500,2019-04-01 00:20:19
张家的血脉觉醒了（悲）,508.95800,2019-04-01 00:31:29
多了一秒,80.37900,2019-04-01 00:41:36
京哥哥的也会眨眼,501.95400,2019-04-01 00:57:31
我不作猫啦！,303.50500,2019-04-01 01:03:42
安康鱼,518.12900,2019-04-01 01:03:12
怪谁呢（恼,286.44200,2019-04-01 01:07:57
鱼：泪 拉了出来,531.86100,2019-04-01 01:11:54
救救猫猫,251.90200,2019-04-01 01:17:14
毕业了,18.91700,2019-04-01 01:59:12
感谢大家一直以来的支持，请期待啪梨老师的下一部作品,334.49300,2019-04-01 02:06:45
你是赛亚人吗,450.28600,2019-04-01 02:50:07
ん？違うの？,296.43300,2019-04-01 02:53:22
你跟京鸽鸽有什么关系！,509.25400,2019-04-01 03:00:58
不能吃米饭补回来吗,478.87800,2019-04-01 03:16:37
我也转世重生了,183.15100,2019-04-01 03:28:49
救救猫猫！！,221.87700,2019-04-01 03:29:51
转生沙雕网友,346.42200,2019-04-01 03:32:38
yamero——（原地跑步,376.34300,2019-04-01 03:54:17
 我想看昨天的直播,278.18600,2019-04-01 03:58:13
啊好近好近,488.89800,2019-04-01 04:02:39
大家好我是鱼,525.85500,2019-04-01 04:03:04
paryi kimo,447.30000,2019-04-01 04:19:17
投胎去了？？,28.67200,2019-04-01 04:59:21
就就猫猫,241.61000,2019-04-01 05:36:54
serena不要走啊，我舍不得你啊（棒读）,364.73800,2019-04-01 05:58:04
Vtuber界最标准10分钟,3.00100,2019-04-01 06:06:44
不…不是吗,304.97200,2019-04-01 06:10:26
竟然不是吃米长回来的,451.83600,2019-04-01 06:14:56
觉醒了父亲的能力,510.45900,2019-04-01 06:16:13
新人类！,356.13700,2019-04-01 06:16:52
感觉还是在向沙雕网友的方向狂奔啊,440.26600,2019-04-01 06:18:16
全裸待机草,7.35900,2019-04-01 07:29:23
那不是更好吗？,286.38900,2019-04-01 07:50:11
dd,185.18100,2019-04-01 07:57:41
行かないて,95.13800,2019-04-01 08:01:18
塞回去,252.32500,2019-04-01 08:03:55
うん,301.98200,2019-04-01 08:04:45
fc2gkd（）,229.74500,2019-04-01 08:06:28
已经晚了（悲）,290.60200,2019-04-01 08:07:18
草迫害paryi,449.10300,2019-04-01 08:09:29
草 ，迫害p'aryi,445.17000,2019-04-01 08:09:18
鱼潘活了,545.99000,2019-04-01 09:06:26
草，这种送命题的感觉是怎么回事,479.03000,2019-04-01 09:29:51
救救猫猫！,233.90500,2019-04-01 09:32:14
分辨率牙白,491.11500,2019-04-01 10:41:36
paryi:忍 杀,453.76800,2019-04-01 12:34:45
虽然知道是愚人节不过对于真爱粉来说这个玩笑真的一点都不好笑,391.85900,2019-04-01 17:16:22
其实猫猫的本体是那条鱼,548.18700,2019-04-01 17:18:58
猫猫终于吃上米了，我哭了【,417.57200,2019-04-01 18:15:16
清楚三铳士(,276.64000,2019-04-01 18:55:15
草,9.91400,2019-04-01 19:18:19
开幕雷击,4.39800,2019-04-01 22:05:54
gachi距离！,491.68400,2019-04-02 05:03:09
paryi：断尾,458.37900,2019-04-02 08:21:59
dd出生（）,162.48200,2019-04-02 08:34:22
救救猫猫,13.85200,2019-04-02 08:39:22
安心啦 论搞笑艺人你和大头还差得远呢,292.19900,2019-04-02 11:26:36
我哭了(棒读),389.70700,2019-04-02 11:33:50
犯 罪 嫌 疑 人,16.16100,2019-04-02 21:05:55
草,213.07100,2019-04-02 21:18:00
沙雕网友出来挨打！,292.23100,2019-04-02 21:19:37
○塞（小声）,429.55100,2019-04-02 21:22:05
草,500.03100,2019-04-02 21:23:18
可爱（指猫猫）,553.63100,2019-04-02 21:24:37
gachi恋距离suki,526.11100,2019-04-02 21:24:00
救救。。。。算了算了,297.91100,2019-04-03 00:14:26
好感动啊（棒读）,371.79100,2019-04-03 00:16:02
救救猫猫,2.83800,2019-04-03 09:02:15
我现在很后悔，非常后悔,25.26300,2019-04-07 21:33:50
救救猫猫..害怕,20.29400,2019-04-07 22:50:03
Se—re—na—,38.94500,2019-04-08 07:57:59
左边救猫瞩目,225.18500,2019-04-08 08:20:46
草,387.17100,2019-04-08 08:23:27
草,414.69100,2019-04-08 08:23:58
泪冲了出来（打哈欠）,378.34800,2019-04-10 12:48:58
哇，啪啪啪（面无表情）,399.45100,2019-04-10 12:49:54
壁虎嘛,462.24300,2019-04-10 12:51:22
屏幕好脏,501.65400,2019-04-10 12:52:33
酸 鱼君 酸,576.94700,2019-04-10 12:53:49
救救猫猫,12.11700,2019-04-10 14:09:35
请问是走流程还是直接哭,37.33800,2019-04-11 07:02:22
精准10分钟一秒不差的字幕组是鉴中之鉴,1.62200,2019-04-11 08:07:14
草,13.85200,2019-04-12 05:51:02
救救猫猫,250.15300,2019-04-12 09:03:31
噗,533.02300,2019-04-12 09:08:14
好残忍，把活鱼绑在头发上,529.55700,2019-04-12 22:58:31
vtb界模范,19.67300,2019-04-13 11:09:34
你就是卡卡罗特？,451.87000,2019-04-13 20:21:57
原来你也是DD,195.91500,2019-04-15 01:42:45
开颅手术既视感...,326.18200,2019-04-15 01:45:05
原来发卡是本体，猫猫是坐骑..,525.39900,2019-04-15 01:48:58
现在就是很后悔，非常后悔,33.45000,2019-04-16 02:29:27
马萨卡又是求救？,366.69100,2019-04-19 02:59:01
草,391.49600,2019-04-20 02:48:19
我哭了,28.51700,2019-04-20 07:24:21
这就是帕里普罗啊,290.43200,2019-04-20 07:40:12
ん？,305.70600,2019-04-20 07:40:39
活鱼发卡,544.46900,2019-04-20 07:45:22
女 承 母 业,534.95300,2019-04-23 07:26:21
你是，赛亚人？！,463.56500,2019-04-23 22:30:35
セレナ,59.51100,2019-04-24 19:03:43
我仔细想了想鱼本来也不眨眼啊,554.20500,2019-04-25 01:39:20
清楚系vtb,276.68200,2019-04-26 16:15:58
尾巴是本体,460.52200,2019-04-26 16:19:11
意义不明的功能啊,578.08200,2019-04-26 16:21:20
我   本   人,35.66500,2019-04-26 17:35:11
耳膜爆破，Dd的耳朵是可持续利用资源,115.50200,2019-04-26 17:37:29
想去日本见一见猫猫,145.45700,2019-04-26 17:38:23
救救猫猫！去大岛面基上贡,226.99700,2019-04-26 17:40:25
啊，是好大的猫猫，我死了,495.23000,2019-04-26 17:46:29
