1,0.22900,2018-08-26 22:37:11
1,0.16100,2018-08-26 22:37:23
2,5.23000,2018-08-26 22:37:32
瞬间87人,60.79600,2018-08-26 22:38:27
.,22.43100,2018-08-26 22:38:29
城堡,16.66000,2018-08-26 22:38:46
3,9.40500,2018-08-26 22:39:19
3,18.99600,2018-08-26 22:39:27
第一个预定本子,1372.61200,2018-08-26 22:38:56
331,4.57900,2018-08-26 22:39:52
、。,4.77000,2018-08-26 22:39:06
1,89.08400,2018-08-26 22:38:52
第一次这么前,19.52000,2018-08-26 22:40:16
来了,12.30100,2018-08-26 22:39:58
有人吗,67.93000,2018-08-26 22:39:59
330,7.10300,2018-08-26 22:40:38
有,72.32900,2018-08-26 22:40:12
503,3.74200,2018-08-26 22:41:58
好前啊,11.11900,2018-08-26 22:42:35
663,8.53400,2018-08-26 22:43:06
663,1.18200,2018-08-26 22:43:07
还在打,7.52400,2018-08-26 22:42:08
664,4.25900,2018-08-26 22:42:22
25,4.30200,2018-08-26 22:43:49
4,23.59800,2018-08-26 22:43:27
没人？,301.20700,2018-08-26 22:44:38
144,446.88900,2018-08-26 22:45:53
关上前一千的大门,57.94300,2018-08-26 22:46:02
哈哈哈哈,739.83600,2018-08-26 22:46:24
hhhh,274.62100,2018-08-26 22:45:25
991,38.63000,2018-08-26 22:45:40
991人了,73.58200,2018-08-26 22:47:06
超近战弩,669.02700,2018-08-26 22:47:19
贼刺激,386.17000,2018-08-26 22:47:21
没人？？,261.49800,2018-08-26 22:48:05
很前,24.32700,2018-08-26 22:48:10
手动后坐力,580.65900,2018-08-26 22:48:15
1282,4.03800,2018-08-26 22:48:36
1282,15.68800,2018-08-26 22:47:50
算了，我还是等弹幕多一点再来看吧,76.94900,2018-08-26 22:49:02
语无伦次哈哈哈哈哈,421.81600,2018-08-26 22:49:03
前方调高音量,135.81900,2018-08-26 22:49:13
384,14.48800,2018-08-26 22:49:30
有,75.71800,2018-08-26 22:48:58
第一个嗨多磨,0.51600,2018-08-26 22:50:13
663,463.23700,2018-08-26 22:50:17
这就一fps游戏,694.41300,2018-08-26 22:50:18
高能菌在吗？呼叫高能菌,11.69900,2018-08-26 22:50:22
14分钟前,1.85100,2018-08-26 22:50:31
笑死,421.65400,2018-08-26 22:50:32
听着像麻婆...   ,211.91600,2018-08-26 22:50:33
1587,12.62000,2018-08-26 22:50:35
老婆玩游戏伽马值总是调那么低,92.32200,2018-08-26 22:50:47
1589,6.55200,2018-08-26 22:50:50
不是，弹幕呢,73.74200,2018-08-26 22:50:04
贴怪输出,527.59700,2018-08-26 22:51:29
死了,270.53600,2018-08-26 22:52:31
每次被爱酱吓死。。。妈哒,245.90900,2018-08-26 22:52:37
全部打偏,627.29400,2018-08-26 22:53:31
本子预定,1373.72600,2018-08-26 22:53:32
都在看了,312.99200,2018-08-26 22:53:44
被害妄想症,343.93200,2018-08-26 22:53:44
本来用斧子的,608.71700,2018-08-26 22:53:07
顾不上发弹幕,319.67500,2018-08-26 22:53:51
fangku伏笔还行,769.10900,2018-08-26 22:53:56
1858,19.54200,2018-08-26 22:53:08
847,17.02500,2018-08-26 22:53:16
菜的抠脚哈哈哈哈,659.29300,2018-08-26 22:53:21
话说为什么这么多瓶子,666.36800,2018-08-26 22:54:35
1991,1.99700,2018-08-26 22:54:35
求求你拿斧头吧……,662.00000,2018-08-26 22:54:46
东西没拿啊,341.04800,2018-08-26 22:54:12
这也在你的预料之中吗JOJO！！！,779.88700,2018-08-26 22:54:52
真的弹尽粮绝了,702.85300,2018-08-26 22:54:58
2153,4.89400,2018-08-26 22:54:59
前方高能,691.99000,2018-08-26 22:55:07
麻婆???,215.31800,2018-08-26 22:54:22
233333333333333,630.96400,2018-08-26 22:55:34
踩出翔了,679.68900,2018-08-26 22:55:42
581,21.73700,2018-08-26 22:55:56
10086,23.77600,2018-08-26 22:55:18
哈哈哈哈,631.65500,2018-08-26 22:56:11
四枪全空......,480.71300,2018-08-26 22:56:15
2253,2.53000,2018-08-26 22:55:25
hhhhhhhhhh,1021.86900,2018-08-26 22:55:26
hhhhh,415.65400,2018-08-26 22:55:27
2153,13.97800,2018-08-26 22:55:32
18分钟前,81.65700,2018-08-26 22:56:22
没人？,219.45500,2018-08-26 22:57:01
嘿嘿,66.73700,2018-08-26 22:56:32
2333,278.13200,2018-08-26 22:57:59
好可爱,425.29100,2018-08-26 22:58:01
吓到乱码,415.74900,2018-08-26 22:57:29
斧头啊.....看爱酱玩要急死了....,521.07400,2018-08-26 22:58:14
爱生。。。,299.56400,2018-08-26 22:58:21
笑死我了233333333,743.50000,2018-08-26 22:57:40
哈哈哈,552.26300,2018-08-26 22:57:43
本子预订,1372.71800,2018-08-26 22:59:00
什么鬼枪法,531.78500,2018-08-26 22:59:01
大叔痴汉爱上线,1020.12700,2018-08-26 22:59:18
誒，很想知道猫宫玩这个会是怎么有,428.38500,2018-08-26 22:59:24
有高能吗？,365.89100,2018-08-26 22:59:27
怪：走位，走位，哎，刁德一,455.31600,2018-08-26 22:58:39
人间不值得,294.47800,2018-08-26 23:00:03
感觉本音出来了,428.27400,2018-08-26 22:59:39
真香,1150.53100,2018-08-26 23:00:31
笑死哈哈哈,432.48000,2018-08-26 23:00:34
haaa,621.66600,2018-08-26 22:59:41
绅士爱,1033.90500,2018-08-26 23:01:17
2766,13.97500,2018-08-26 23:01:34
没人在看吗,624.93400,2018-08-26 23:01:43
不是电击箭头啦.....,624.48800,2018-08-26 23:00:57
明明啥也没有,340.51800,2018-08-26 23:00:59
好暗，看不见啊,1105.27000,2018-08-26 23:01:49
火星人游戏,11.94000,2018-08-26 23:01:49
原罪：真菜,625.49200,2018-08-26 23:02:18
描边大师,467.77700,2018-08-26 23:01:50
字幕组调皮了,1148.68100,2018-08-26 23:02:54
一米哇干奶,1278.50900,2018-08-26 23:03:34
关上2900的大门,1.06300,2018-08-26 23:02:56
有,72.75000,2018-08-26 23:03:42
傻爱是玩不玩的,16.99900,2018-08-26 23:03:56
当面换弹hhhhh,521.60200,2018-08-26 23:03:04
前面麻婆的别跑，坐下来讨论下圣杯战争,217.57100,2018-08-26 23:03:04
25分钟之前,6.70200,2018-08-26 23:03:10
真香！,1152.63700,2018-08-26 23:04:23
才发现这期在油管看过了,249.42500,2018-08-26 23:04:30
笑出声哈哈哈哈哈哈哈哈哈哈哈哈哈哈哈哈哈哈哈哈哈哈,593.83000,2018-08-26 23:04:35
老婆，你爱我吗？,878.51100,2018-08-26 23:04:42
被爱酱吓死了,213.76300,2018-08-26 23:03:58
666666666,418.41800,2018-08-26 23:04:05
emmmmmmm,249.42800,2018-08-26 23:04:12
秀,284.09100,2018-08-26 23:05:26
2333333,644.55800,2018-08-26 23:05:36
本人没错，自己承认了23333,620.91900,2018-08-26 23:05:07
描边枪法,469.67200,2018-08-26 23:05:54
不行笑颠了…,654.55900,2018-08-26 23:06:00
秀,283.17100,2018-08-26 23:05:17
这怪好傻,532.22900,2018-08-26 23:05:20
秀,284.09100,2018-08-26 23:05:22
我害怕，我的名字叫做埋,78.98100,2018-08-26 23:06:38
随缘爆头,528.53000,2018-08-26 23:06:12
233好视力,1111.98500,2018-08-26 23:06:46
冲鸭,1126.54700,2018-08-26 23:07:01
?,639.16500,2018-08-26 23:07:11
与空气斗智斗勇,384.85100,2018-08-26 23:07:34
与空气斗智斗勇,384.85100,2018-08-26 23:07:42
哈哈哈哈哈哈哈哈哈哈哈哈哈哈哈哈哈哈哈哈哈哈哈哈哈哈哈哈哈哈哈哈哈哈哈哈哈哈哈哈,780.06700,2018-08-26 23:07:47
爱酱本人了,620.16100,2018-08-26 23:07:49
与空气斗智斗勇,384.85100,2018-08-26 23:07:50
2333,770.45900,2018-08-26 23:07:59
痴汉爱,1018.28600,2018-08-26 23:08:01
辣眼睛,684.28600,2018-08-26 23:08:03
前方高能,132.79300,2018-08-26 23:08:17
承包空屏,108.46200,2018-08-26 23:07:21
自♂由,822.76700,2018-08-26 23:08:40
嗨多磨,0.99800,2018-08-26 23:08:48
对！你坏掉了,51.40900,2018-08-26 23:08:25
晃悠悠是戴歪了吗,121.04100,2018-08-26 23:09:14
体感游戏,538.63900,2018-08-26 23:08:28
绿豆昔,527.22500,2018-08-26 23:08:34
怎么没人发  我叫恢复药,543.24500,2018-08-26 23:09:45
人体描边大师爱酱,527.47800,2018-08-26 23:09:46
10年玩通一个游戏,53.52900,2018-08-26 23:10:21
骚话连篇,274.20500,2018-08-26 23:10:25
没人？,973.33900,2018-08-26 23:09:35
先打为敬2333,935.44000,2018-08-26 23:10:55
你们有多少根头发,0.15700,2018-08-26 23:11:30
造成114514点伤害,480.13400,2018-08-26 23:12:23
斧子无敌,637.41400,2018-08-26 23:11:42
真香,1159.81500,2018-08-26 23:12:41
爱酱卡哇伊,283.43900,2018-08-26 23:13:39
。。。。,624.26800,2018-08-26 23:12:51
别吵，仔细看,315.28000,2018-08-26 23:14:22
看到了什么？,745.68600,2018-08-26 23:13:51
666,789.20700,2018-08-26 23:14:37
有点着急,319.37300,2018-08-26 23:14:47
我也承包,113.42200,2018-08-26 23:14:53
有点菜,272.07600,2018-08-26 23:13:59
。。。,1019.05400,2018-08-26 23:14:55
打小怪跟打boss一样,683.21400,2018-08-26 23:15:22
突然一嗓子吓我一跳……,204.61500,2018-08-26 23:15:26
奸诈小人.jpg,769.90800,2018-08-26 23:15:28
果然还是那个爱酱啊,206.59600,2018-08-26 23:15:39
你们以为这是描边？错！这是预判+甩枪 很高难度的,470.38000,2018-08-26 23:15:02
不，这怪是被爱酱傻的一批的表现给吓蒙了,537.41700,2018-08-26 23:15:08
抱抱老婆,432.33700,2018-08-26 23:16:24
好像漏看一集囧(◎o◎),85.44800,2018-08-26 23:16:45
枪法全看怪物自己撞。。。,451.81700,2018-08-26 23:17:01
哈哈哈哈,422.03800,2018-08-26 23:16:07
最美不过夕日红,486.87800,2018-08-26 23:17:45
说什么大实话！(看来还是知道的嘛）,622.51400,2018-08-26 23:17:09
本子预定,1373.30200,2018-08-26 23:18:02
0,11.39900,2018-08-26 23:17:11
没就是开机关会又几只丧尸,414.76000,2018-08-26 23:18:39
大战之前必有补给,352.92400,2018-08-26 23:19:34
你变了,259.97000,2018-08-26 23:19:52
鬼故事进度条,1348.34300,2018-08-26 23:20:16
zz爱又忘记怎么开电灯了,536.88100,2018-08-26 23:20:41
没斧头了，打刚才那个怪用完了,666.17200,2018-08-26 23:20:42
实力眼瞎。。,686.79100,2018-08-26 23:21:09
本子已阅,1382.13900,2018-08-26 23:20:27
这不有斧子吗？,639.39200,2018-08-26 23:20:22
酱是形容女生的吧？,16.74000,2018-08-26 23:20:22
我是弟4287！！！,9.39500,2018-08-26 23:21:48
眼前的雕像。。,723.92400,2018-08-26 23:22:03
爱生还行,288.43700,2018-08-26 23:22:08
这是三昧真火啊,1270.63400,2018-08-26 23:21:41
把你得意的,770.91500,2018-08-26 23:23:22
呱呱呱呱,141.53400,2018-08-26 23:23:26
不把箭捡回来,710.97800,2018-08-26 23:23:35
好浪费一个斧头,649.17100,2018-08-26 23:22:33
左下角看的我脸红心跳啊……,206.65900,2018-08-26 23:23:57
4462,24.71800,2018-08-26 23:24:01
无视了女神雕像,738.06000,2018-08-26 23:24:02
右下角看我的脸红心跳啊……,189.25200,2018-08-26 23:23:40
 我也爱你,880.75100,2018-08-26 23:24:17
我也是,881.76800,2018-08-26 23:24:29
又气又笑，不行了,764.11100,2018-08-26 23:24:40
传销组织,152.36100,2018-08-26 23:25:17
痴汉爱,1014.89200,2018-08-26 23:25:19
你刀呢,593.61400,2018-08-26 23:25:47
老婆，爱不爱我,878.42700,2018-08-26 23:24:50
我叫恢复药啊,546.61700,2018-08-26 23:24:54
23333,1015.80400,2018-08-26 23:26:48
箱子就开了新手送的那个,856.68300,2018-08-26 23:26:01
当然可以啦，一年都行,1014.45100,2018-08-26 23:27:22
杀戮天使?,217.05900,2018-08-26 23:26:54
木箱都忘记怎么打了,939.68200,2018-08-26 23:27:24
痴汉大叔爱上线,1018.48300,2018-08-26 23:27:28
这爆的准啊,792.97900,2018-08-26 23:27:35
痴汉爱上线,1010.30900,2018-08-26 23:26:59
嗨多磨！,0.63600,2018-08-26 23:27:06
4727,8.47800,2018-08-26 23:27:12
意外地……,486.38900,2018-08-26 23:28:37
近战射手,535.97500,2018-08-26 23:28:37
4727,2.25200,2018-08-26 23:28:09
又一个左右不分的,196.36600,2018-08-26 23:28:10
她真可爱，我想娶她,265.12000,2018-08-26 23:28:01
一枪爆头，你是谁？,1105.16300,2018-08-26 23:29:06
记忆犹新的爱酱23333,1141.89900,2018-08-26 23:29:21
忘记怎,1126.57800,2018-08-26 23:30:31
开灯,1135.97600,2018-08-26 23:30:40
4964,18.04200,2018-08-26 23:30:57
居然还记得生化危机,1156.22300,2018-08-26 23:31:01
老铁你好阿,71.20200,2018-08-26 23:31:17
痴汉爱,1018.00300,2018-08-26 23:31:31
厉害了,1314.24500,2018-08-26 23:32:46
抢反对面的冲撞即视感,1296.59800,2018-08-26 23:32:24
嘿诶嘿嘿诶嘿嘿,0.52100,2018-08-26 23:32:55
噗,1047.32100,2018-08-26 23:33:23
右上角,218.42400,2018-08-26 23:33:49
那我也承包,120.30800,2018-08-26 23:33:54
被岳母打怕了,1146.07500,2018-08-26 23:33:57
贯口大师,431.17600,2018-08-26 23:33:31
你们注意到突然出现的人脸没有？只出现在黑暗里好可怕,1110.20100,2018-08-26 23:35:00
斧头一次性用品,668.45400,2018-08-26 23:34:40
时辰快出来背锅,1213.73800,2018-08-26 23:35:40
二人转,650.97000,2018-08-26 23:37:05
并不会啊,305.77200,2018-08-26 23:37:26
打腿,782.87500,2018-08-26 23:36:45
人体描边大师,470.01700,2018-08-26 23:37:02
有这么多武器弹药你为什么会觉得害怕啊,739.60800,2018-08-26 23:38:51
我要疯了……,524.81800,2018-08-26 23:38:07
让我好好抱抱你,583.03600,2018-08-26 23:38:58
前方小高能,133.05000,2018-08-26 23:39:56
斧头已经用了,666.75200,2018-08-26 23:40:29
666666擦边大师,664.39300,2018-08-26 23:40:57
按t开灯,506.37800,2018-08-26 23:41:02
月化,631.27200,2018-08-26 23:41:03
这是把小怪当boss打啊,632.63200,2018-08-26 23:40:16
哈哈哈真话,623.40400,2018-08-26 23:41:31
这弹道就像撒尿,638.98900,2018-08-26 23:41:35
前面有醒,510.68500,2018-08-26 23:41:42
菜的抠脚才是真正的爱酱,698.89100,2018-08-26 23:42:35
谢谢高能君,144.05600,2018-08-26 23:43:07
1小时5623.。,110.06000,2018-08-26 23:43:11
276,6.74800,2018-08-26 23:43:12
哈哈哈哈哈,661.57800,2018-08-26 23:42:23
阿，好爽，满足了,798.90300,2018-08-26 23:43:40
偷偷承包爱酱,90.06900,2018-08-26 23:43:45
hhhhhhhhhhhhhhhh,610.73700,2018-08-26 23:43:23
2333,284.62200,2018-08-26 23:43:27
聋了？,1377.42200,2018-08-26 23:43:28
怎么那么多瓶子,782.21200,2018-08-26 23:45:11
233333,415.84200,2018-08-26 23:46:09
体感游戏,240.09300,2018-08-26 23:47:04
她真可爱,264.52100,2018-08-26 23:47:38
你错了这是左,199.57200,2018-08-26 23:46:50
2333,535.38000,2018-08-26 23:48:30
233333,414.65800,2018-08-26 23:47:46
前方高能,405.04600,2018-08-26 23:49:14
前方高能,408.04200,2018-08-26 23:49:21
左下小眼神2333,313.19000,2018-08-26 23:48:50
骚话连天,423.18000,2018-08-26 23:50:33
233333333,288.78400,2018-08-26 23:50:33
2333,277.67600,2018-08-26 23:50:45
为啥我老能想到一点差距,31.15100,2018-08-26 23:50:50
23333终于,675.88500,2018-08-26 23:50:50
手柄玩家水深火热,608.20100,2018-08-26 23:50:51
尸体描边,480.74000,2018-08-26 23:51:31
机智,1102.66500,2018-08-26 23:51:37
毕竟降智过大家互相体谅体谅。。。,205.25100,2018-08-26 23:51:06
什么东西,382.82700,2018-08-26 23:52:33
大战之前必有补给,344.81400,2018-08-26 23:52:41
僵体描边大法,469.22400,2018-08-26 23:52:42
...,41.60700,2018-08-26 23:52:54
2.5的530个人下午好啊,114.66200,2018-08-26 23:52:13
她真迷人,265.78800,2018-08-26 23:52:15
c语言,411.88300,2018-08-26 23:53:33
666,470.02900,2018-08-26 23:54:02
吓的本音都出来了,422.05900,2018-08-26 23:53:15
没子弹了哈哈哈-,587.22900,2018-08-26 23:53:17
本子预定,1370.94900,2018-08-26 23:54:33
因为爱 所以打不中,662.98800,2018-08-26 23:54:33
太逗了,579.79800,2018-08-26 23:54:41
你为什么要惹我呢？,521.76200,2018-08-26 23:55:06
但是可爱啊,211.23000,2018-08-26 23:55:15
我就是恢复药啊,547.56900,2018-08-26 23:54:30
左下体感游戏2333,625.30800,2018-08-26 23:56:00
可爱啊,262.43000,2018-08-26 23:56:10
emm,594.57200,2018-08-26 23:56:21
2年生命,290.89700,2018-08-26 23:56:51
举高高,1259.80600,2018-08-26 23:57:04
2333,281.77200,2018-08-26 23:56:34
看不见+1,1109.08700,2018-08-26 23:58:12
6541,22.83900,2018-08-26 23:58:21
我笑了,663.33600,2018-08-26 23:57:34
大家好我叫恢复药,546.65500,2018-08-26 23:58:28
可爱啊啊啊啊,413.79500,2018-08-26 23:58:57
没人吧,88.06200,2018-08-26 23:59:03
我的天哪她打中了！！！,722.20400,2018-08-26 23:58:53
66666,470.28900,2018-08-26 23:59:59
瓶子是luna给的吧,788.44600,2018-08-27 00:00:09
6677！,5.11900,2018-08-27 00:00:28
名为右下得左下,188.62700,2018-08-27 00:00:32
秀,532.28600,2018-08-27 00:01:06
爱酱快吓出圈圈外了,919.34200,2018-08-27 00:01:19
我吉良吉影只想过平静的生活,60.03800,2018-08-27 00:01:38
请你和我约会吧,1018.39700,2018-08-27 00:01:42
左下角可爱,945.72000,2018-08-27 00:02:27
僵尸：老子没动都得挨打？,934.20300,2018-08-27 00:02:05
hhhhhh,592.96000,2018-08-27 00:02:09
菜啊啊啊,657.51000,2018-08-27 00:03:20
你也知道啊,667.10000,2018-08-27 00:03:35
233333,1013.03500,2018-08-27 00:03:45
心疼声优,1027.42100,2018-08-27 00:03:48
肥宅快乐水,165.28700,2018-08-27 00:03:54
爱酱：计划通,782.89800,2018-08-27 00:05:38
可爱啊,759.84100,2018-08-27 00:05:11
秃子,789.79500,2018-08-27 00:05:50
最美不过夕阳红。,470.61400,2018-08-27 00:05:56
前方高萌,404.79400,2018-08-27 00:06:00
我怎么什么都看不见啊,1116.49400,2018-08-27 00:06:03
等一下他们应该就会动了,180.60800,2018-08-27 00:06:12
斧头是大部分怪一击秒杀，但是是一次性的,692.83600,2018-08-27 00:06:45
前方高萌,405.26600,2018-08-27 00:06:27
神父是你吗,1181.83800,2018-08-27 00:06:28
准备要掏枪了,239.42500,2018-08-27 00:07:40
666,934.73400,2018-08-27 00:08:22
我也爱你,882.41900,2018-08-27 00:07:28
爱酱好可怜,1186.88300,2018-08-27 00:07:29
心疼,1188.92600,2018-08-27 00:07:36
7066,0.06700,2018-08-27 00:08:28
突然聪明,976.23000,2018-08-27 00:09:29
过审小公主……,1269.16600,2018-08-27 00:09:53
╮(╯▽╰)╭,418.92700,2018-08-27 00:10:09
没问题,1017.12000,2018-08-27 00:10:13
有,75.76600,2018-08-27 00:09:47
亮度好低,69.27400,2018-08-27 00:11:06
你好哈哈哈哈哈哈哈,876.49300,2018-08-27 00:11:07
瞄头啊,438.66900,2018-08-27 00:11:21
7183,14.51900,2018-08-27 00:11:34
然后一枪爆头,1044.55700,2018-08-27 00:10:46
真实，太真实了。,666.67600,2018-08-27 00:12:10
心疼物资.....,685.32900,2018-08-27 00:12:15
痴汉爱,1014.10800,2018-08-27 00:12:25
666,1091.22900,2018-08-27 00:11:51
箱子不打？,914.13900,2018-08-27 00:13:16
梯子要断,1143.70600,2018-08-27 00:13:29
怎么看到的,1112.66100,2018-08-27 00:12:51
说好的不逃避呢？,1292.10300,2018-08-27 00:13:35
生化危机既视感,1149.39500,2018-08-27 00:13:46
嗯？我记得他的工作室里好像可以强化枪的啊,445.38000,2018-08-27 00:12:59
看到我你已经是7300名以后了,76.10100,2018-08-27 00:14:32
先开一枪再说话,1180.62600,2018-08-27 00:14:35
都怪你自己不升级枪,492.95700,2018-08-27 00:14:41
这要是一代。。。。。。。。,611.35800,2018-08-27 00:14:05
可怜,1222.37500,2018-08-27 00:15:19
哈哈哈哈哈哈哈哈哈哈哈哈哈哈,1146.45100,2018-08-27 00:15:36
真正令人恐惧的 其实是爱酱的尖叫,152.03900,2018-08-27 00:15:55
你到底是用键盘还是手柄？,538.86300,2018-08-27 00:16:02
枪抖术,480.01800,2018-08-27 00:16:39
素怕AI上线,976.95200,2018-08-27 00:16:53
记得这里有点难打,376.17500,2018-08-27 00:17:29
没有,375.36300,2018-08-27 00:17:30
不是还有散弹吗？,597.49300,2018-08-27 00:17:33
我叫了,878.97400,2018-08-27 00:17:59
交代遺言還行,292.60200,2018-08-27 00:17:16
最吓人的 还是那个女高音,220.03800,2018-08-27 00:17:17
玩电脑的标准姿势,655.09400,2018-08-27 00:17:20
战地玩家,1103.99100,2018-08-27 00:19:12
我都不知道你以前的那些boss是怎么过的,650.06300,2018-08-27 00:19:17
。。。我咋啥都没看见,1088.07100,2018-08-27 00:18:21
咯咯咯没事哒谢谢老婆的关心,255.75700,2018-08-27 00:18:30
7618,4.84700,2018-08-27 00:19:46
帮你们远程开手电了，不用谢,1107.97900,2018-08-27 00:19:59
没有高能放心（除了爱酱的尖叫）,326.11900,2018-08-27 00:20:14
麻烦爱酱尊重一下我的设定,530.06700,2018-08-27 00:20:21
已经没什么好害怕的了,302.27700,2018-08-27 00:19:32
不忘那东西,1330.40200,2018-08-27 00:19:39
与僵尸斗志斗勇,663.91900,2018-08-27 00:20:46
痴汉爱,1015.20200,2018-08-27 00:20:58
有怪算高能么,372.15800,2018-08-27 00:21:20
7777,14.38100,2018-08-27 00:21:55
马脸医生？,1194.13700,2018-08-27 00:21:55
你背上那把枪是摆设吗？,772.50100,2018-08-27 00:22:20
射地讲究,620.98900,2018-08-27 00:22:33
233333,413.25700,2018-08-27 00:23:13
开局一把枪，打中全靠缘,466.51500,2018-08-27 00:23:13
奢侈,668.61400,2018-08-27 00:23:21
6,473.13500,2018-08-27 00:23:21
体力不足强烈不安,261.28500,2018-08-27 00:24:28
开局一把枪，打中全靠缘,479.81600,2018-08-27 00:23:53
手柄 正常,526.39500,2018-08-27 00:25:07
跌丝袜,165.09300,2018-08-27 00:25:14
哦吼吼吼,225.78200,2018-08-27 00:25:16
原来这你也预料到了呀 爱酱~,787.81100,2018-08-27 00:25:20
御宅语还行,159.61300,2018-08-27 00:24:59
铁处女,251.47900,2018-08-27 00:25:02
hang~,823.12700,2018-08-27 00:25:56
這裡我全摸掉的ww 省子彈,468.33700,2018-08-27 00:26:05
oo～hohoho～～～～,230.20200,2018-08-27 00:27:31
508,27.23700,2018-08-27 00:27:43
警觉！,932.87800,2018-08-27 00:27:45
我第一次玩生化危机，用手柄玩到我绝望,612.55600,2018-08-27 00:27:50
星际玩家,1105.72600,2018-08-27 00:27:54
傻爱的陷阱,763.95400,2018-08-27 00:27:08
她真弱鸡,780.25200,2018-08-27 00:29:03
要钻洞才进的去,967.02000,2018-08-27 00:28:19
？这不会是塞巴斯酱的的老婆吧。。。,1010.90700,2018-08-27 00:29:33
可惜会穿模,283.70100,2018-08-27 00:29:25
这都是在我的计算之中,769.33200,2018-08-27 00:30:32
眼睛有红点的就是活的,1122.40400,2018-08-27 00:31:40
门这么小··箱子怎么进去的呢？,908.89300,2018-08-27 00:31:52
23333333,470.49900,2018-08-27 00:32:10
晃悠悠怎么歪了？,22.59200,2018-08-27 00:32:23
搞笑艺人模式,431.58200,2018-08-27 00:31:27
强？,482.48000,2018-08-27 00:32:30
233333,523.44000,2018-08-27 00:33:24
前方高能！！！！！！！！！！！！,464.71800,2018-08-27 00:32:33
前方高能！！！！！！,554.30300,2018-08-27 00:34:22
23333,603.87400,2018-08-27 00:34:57
我都看不见有东西,1099.92800,2018-08-27 00:35:17
哈哈哈哈哈哈哈哈哈哈哈哈哈哈,663.20100,2018-08-27 00:36:15
弩都哭了,676.20400,2018-08-27 00:36:39
目力爱酱？,690.04300,2018-08-27 00:37:01
行云流水（,788.77400,2018-08-27 00:38:52
塞巴斯！骨王找你！,7.98700,2018-08-27 00:38:57
明明是中间（认真）,211.10100,2018-08-27 00:38:11
对上了！,1048.86200,2018-08-27 00:40:50
8487,49.87700,2018-08-27 00:41:07
爱酱首创的霰弹瓶子流打法,793.72000,2018-08-27 00:41:19
 痴汉爱,1012.80000,2018-08-27 00:42:48
真香警告！,1136.00700,2018-08-27 00:42:55
233,204.89200,2018-08-27 00:42:20
为什么要这么血腥,500.98100,2018-08-27 00:43:07
老爱为啥要闪到一边,234.79900,2018-08-27 00:43:14
我觉得爱酱的声音比较吓人,254.76800,2018-08-27 00:43:49
和空气斗智斗勇,307.46200,2018-08-27 00:43:22
8700人以后了你们,104.10400,2018-08-27 00:44:09
233,287.18300,2018-08-27 00:44:24
看成了残念记录2333,1062.28100,2018-08-27 00:44:51
人体描边大师,633.06700,2018-08-27 00:45:23
既视感2333,1142.71500,2018-08-27 00:46:23
8708,15.04100,2018-08-27 00:45:44
愛醬才不是狗!,1208.01000,2018-08-27 00:47:23
打了一年的游戏当然记忆犹新啦,1164.07700,2018-08-27 00:47:26
233333,414.26300,2018-08-27 00:47:38
快去找米娅！,1155.25400,2018-08-27 00:46:56
果然还是我认识的人工zz,753.21600,2018-08-27 00:48:18
这个叫骑脸射手,539.77700,2018-08-27 00:48:01
我姓晖名富瑶,555.77500,2018-08-27 00:48:02
无限miss也还是需要技术的好吗,626.11100,2018-08-27 00:49:42
都是时辰的错,1217.84300,2018-08-27 00:50:30
这准头可真太秀了,664.89100,2018-08-27 00:50:40
你们可以,555.90500,2018-08-27 00:50:52
斯特诺,1323.36600,2018-08-27 00:50:13
我姓辉，名傅耀（滑稽）,555.97300,2018-08-27 00:51:55
好心疼配音,1045.67200,2018-08-27 00:52:37
这地上白白的东西 瞬间让我想要召唤NPC帮忙打boss（魂系列）,730.75100,2018-08-27 00:52:23
不如qte,800.25100,2018-08-27 00:53:40
还是左下角的吸引力大点。。,39.17300,2018-08-27 00:53:26
虽然是手柄 但这感觉就像是用触摸屏玩一样,824.81100,2018-08-27 00:54:37
(=￣ ρ￣=) ..zzZZ,333.67600,2018-08-27 00:54:40
嗨多磨,14.77800,2018-08-27 00:55:14
Luna给的可还行,792.81700,2018-08-27 00:55:24
怪太强了 开了那么多枪都被躲了,495.34000,2018-08-27 00:55:49
别怕，有我在！！,180.04800,2018-08-27 00:55:56
我爱酱就想秀你一下,540.21200,2018-08-27 00:57:06
大战前必有那啥,356.35900,2018-08-27 00:58:32
来看爱酱,6.90900,2018-08-27 00:58:58
可爱可爱。。,735.62600,2018-08-27 00:59:17
23333,291.11500,2018-08-27 00:59:37
前方高能,129.90100,2018-08-27 00:59:42
左下体感游戏,623.66300,2018-08-27 00:58:40
不是难打，是要在每个地方把躺地上的都朝头开一枪,425.36800,2018-08-27 01:00:14
绝望教,1175.80400,2018-08-27 01:00:20
痴汉,1015.35700,2018-08-27 00:59:51
实力眼瞎？,728.80900,2018-08-27 01:01:31
卧槽我怎么没看见,1105.18600,2018-08-27 01:01:35
是是是你们下面都是针,549.12500,2018-08-27 01:01:36
大家好我姓恢复名药,554.23200,2018-08-27 01:02:33
字幕组皮这一下很开心,1150.97600,2018-08-27 01:02:33
.,16.62900,2018-08-27 01:02:41
刚刚那个提示 。。第一次用弩箭,604.82500,2018-08-27 01:02:51
箱子小的时候放进去的，然后就长大了,921.70700,2018-08-27 01:02:57
事实证明爱酱的尖叫比游戏更恐怖,323.21600,2018-08-27 01:03:21
还是VR游戏比较适合她,651.98100,2018-08-27 01:03:52
这么聪明？！_(:з」∠)_,980.64300,2018-08-27 01:03:55
还是用散弹比较强,1321.67400,2018-08-27 01:04:00
玄田哲章吧,213.18000,2018-08-27 01:03:08
这个是必须瞄准才能开枪的吗？,592.16800,2018-08-27 01:03:17
痴汉发言,1012.98500,2018-08-27 01:04:37
没打中强个球,489.94200,2018-08-27 01:06:10
2333333333,666.30500,2018-08-27 01:05:30
我的天,529.46200,2018-08-27 01:06:50
23333,203.97300,2018-08-27 01:07:21
能把子弹用完也是流弊,794.80000,2018-08-27 01:06:26
我看得见啊,1118.73500,2018-08-27 01:07:49
过审小公举,87.19400,2018-08-27 01:08:05
打怪全靠砸,614.86200,2018-08-27 01:08:15
233333333,408.19300,2018-08-27 01:09:23
这节奏还能通关么,682.88200,2018-08-27 01:09:23
在刚刚那么多牢门没开之前就应该这么干啊,974.77500,2018-08-27 01:09:24
全程关注左下角,951.98900,2018-08-27 01:09:27
变声可爱✺◟(∗❛ัᴗ❛ั∗)◞✺,79.33700,2018-08-27 01:08:37
时辰：又要背锅了,1219.61400,2018-08-27 01:08:47
第一次看到压枪往上压的,591.13500,2018-08-27 01:09:53
满身酒瓶,791.84200,2018-08-27 01:11:12
9999,10.19000,2018-08-27 01:11:14
他们动了更可怕,173.24500,2018-08-27 01:11:20
含泪舔包,1084.59700,2018-08-27 01:11:27
本子预定,1374.34800,2018-08-27 01:10:47
没问题，你想约多久都行,1024.17900,2018-08-27 01:10:51
嗨逗牟,8.86800,2018-08-27 01:12:05
众筹给爱酱买个自瞄吧哈哈哈哈,682.67000,2018-08-27 01:11:54
因为中间是屏幕啊,253.91600,2018-08-27 01:12:00
饿,347.89500,2018-08-27 01:13:14
哇，光头。。。,362.60500,2018-08-27 01:13:36
有了枪就忘了有斧头的zz,616.15700,2018-08-27 01:13:38
em,369.47200,2018-08-27 01:13:48
大战之前必有补给,367.38600,2018-08-27 01:13:54
左下体感,652.45200,2018-08-27 01:14:19
突然出现,406.61800,2018-08-27 01:14:29
想看翻译,813.89100,2018-08-27 01:14:46
哇！爱酱拿出斧头了,633.29200,2018-08-27 01:14:07
注意这时候爱酱左摇杆还推着,439.17100,2018-08-27 01:14:14
虽然我很害怕，但我也要装作很开心的样子。。。。。,225.30800,2018-08-27 01:15:21
前方高萌,404.75300,2018-08-27 01:15:06
爱酱你爱不爱我呀,874.24800,2018-08-27 01:16:07
好开心的,270.38400,2018-08-27 01:16:49
我 吓 我自己,331.80500,2018-08-27 01:17:08
？？？？？,745.98300,2018-08-27 01:17:16
6666,792.06400,2018-08-27 01:18:08
这该死的爱酱竟然如此甜美,284.80500,2018-08-27 01:17:21
爱酱别乱叫啊！，！！！！！,254.39200,2018-08-27 01:20:56
这声哼好可爱,817.17300,2018-08-27 01:21:04
输出全靠吼,535.21900,2018-08-27 01:21:26
手电筒掉线多少期了,1097.77400,2018-08-27 01:20:40
！！你刚才说什么？,1018.25000,2018-08-27 01:22:01
屏幕上除了爱还有啥？,959.04600,2018-08-27 01:22:05
现在是420人正在观看,66.89700,2018-08-27 01:22:21
9993,71.19700,2018-08-27 01:21:48
9993,128.94200,2018-08-27 01:23:09
前方高能,372.86400,2018-08-27 01:23:09
从未见过如此厚颜无耻之人,885.55600,2018-08-27 01:23:32
真香,1152.86000,2018-08-27 01:24:26
不就是右！爱酱脸,204.10600,2018-08-27 01:25:22
本子预定,1373.39600,2018-08-27 01:24:53
换人了✺◟(∗❛ัᴗ❛ั∗)◞✺,728.89400,2018-08-27 01:27:00
目力老爱,273.68800,2018-08-27 01:28:35
٩(ˊ〇ˋ*)و~当然不是，爱酱才是妈妈,15.21200,2018-08-27 01:29:59
老实说能换手的恐怖游戏根本不恐怖,758.51500,2018-08-27 01:29:21
两小时一万,129.03700,2018-08-27 01:31:45
kksk,830.00900,2018-08-27 01:31:59
本子预订,1372.80100,2018-08-27 01:32:18
本子预定,1375.84200,2018-08-27 01:32:33
666,942.51200,2018-08-27 01:33:51
御宅语？,162.84500,2018-08-27 01:35:35
一切正常，一切正常,529.29600,2018-08-27 01:35:43
子弹多的表示，开门前全部狙击枪干掉,483.05800,2018-08-27 01:36:20
你拿拳头都比这强,667.22300,2018-08-27 01:39:57
233,311.09800,2018-08-27 01:39:13
想拔了爱酱的支气管,271.30100,2018-08-27 01:41:45
骑脸开枪怎么输！！,546.48700,2018-08-27 01:42:12
看完得去看看寂静岭压压惊,285.98900,2018-08-27 01:42:40
1365,20.74500,2018-08-27 01:44:39
游戏差评，都不会自己往老爱枪口撞,536.75800,2018-08-27 01:47:18
前方高能,774.58700,2018-08-27 01:46:51
419人正在观看2333,217.18200,2018-08-27 01:47:59
自由,815.18500,2018-08-27 01:49:54
目力,1200.13800,2018-08-27 01:50:29
高速神言A＋,424.09700,2018-08-27 01:50:07
大战之前必有补给,365.33800,2018-08-27 01:51:49
操作太骚了,541.71900,2018-08-27 01:54:14
爱酱真是变强了不少啊,495.64800,2018-08-27 01:53:26
过审小公主,483.93500,2018-08-27 01:56:02
秦王绕柱,639.58800,2018-08-27 01:56:02
快找林振英来,209.62700,2018-08-27 01:56:19
刚才是闪电箭吗这么奢侈吗,669.87300,2018-08-27 01:57:00
秘技 缓慢瞄准,522.06500,2018-08-27 01:57:42
爱酱变那么牛逼了?,792.94300,2018-08-27 01:59:28
又傻又可爱,772.47600,2018-08-27 02:00:33
弹幕好少,818.14700,2018-08-27 01:59:59
想要洗手液..,162.79000,2018-08-27 02:00:04
有人吗,897.24000,2018-08-27 02:01:22
众筹给爱酱买个鼠标,473.77800,2018-08-27 02:02:23
啊哟！,231.64200,2018-08-27 02:03:37
你们下面都是针的那个笑死,557.71800,2018-08-27 02:03:59
全程看右上角,232.59300,2018-08-27 02:04:22
铁门啊，铁窗啊，铁锁链,373.96500,2018-08-27 02:06:54
使用  Luna的假酒瓶×3,794.75100,2018-08-27 02:08:33
箱子长大那个你天秀,928.47400,2018-08-27 02:11:04
降智玩家，在线附体,922.05400,2018-08-27 02:10:49
人被杀掉就会死---某哲学家,942.01500,2018-08-27 02:11:37
你是魔鬼吗。,282.88500,2018-08-27 02:12:27
痴汉爱,1019.11400,2018-08-27 02:12:58
我瞎了,1093.36500,2018-08-27 02:14:35
好什么好啊，反正你也从来不用弩箭23333,809.36400,2018-08-27 02:14:37
那眼睛有全息的就是死的？,1128.14400,2018-08-27 02:15:20
鬼才走位,1288.52400,2018-08-27 02:18:05
秦王走位,650.03300,2018-08-27 02:19:20
卡模了可还行,1303.30400,2018-08-27 02:18:30
本子已阅,1373.76400,2018-08-27 02:19:46
poi?,672.68100,2018-08-27 02:20:54
打了这么久，终于会用斧头了,638.28500,2018-08-27 02:20:55
太尼玛奢侈了，子弹和弩我基本都是省着用的,676.63000,2018-08-27 02:22:16
怎么过的审！？？,155.15500,2018-08-27 02:22:35
人体描边大师,533.96900,2018-08-27 02:21:58
什么时候这么聪明？,941.32800,2018-08-27 02:23:45
众所周知，血是这个颜色的,70.33800,2018-08-27 02:23:50
基德大大,30.13700,2018-08-27 02:23:01
气死，不打箱子,341.28400,2018-08-27 02:27:23
那么大准星要是打不着也是技术,727.98700,2018-08-27 02:29:17
过审小公主！不哭啊！,445.80600,2018-08-27 02:29:54
8848手机，你值得拥有,56.10200,2018-08-27 02:31:30
刺激,476.20300,2018-08-27 02:31:38
神罗天,1198.50000,2018-08-27 02:33:14
有人吗,308.10400,2018-08-27 02:32:37
呱呱呱呱,137.80800,2018-08-27 02:34:45
和空气斗智斗勇，有我大哥的风范,313.72400,2018-08-27 02:38:22
爱酱真可怕,1377.66200,2018-08-27 02:39:34
我绊爱只想过上平静的生活,66.50100,2018-08-27 02:40:35
太假了，众所周知血是黑的或者蓝的,162.52100,2018-08-27 02:40:44
对挡宝具弩驽,639.61700,2018-08-27 02:40:44
他哪来那么多瓶子？,607.49800,2018-08-27 02:41:57
看得我好急啊,667.07300,2018-08-27 02:42:04
我还是攒攒弹幕再看吧,142.98800,2018-08-27 02:46:28
先下手,932.18600,2018-08-27 02:46:34
目力老爱,600.04700,2018-08-27 02:48:57
390,76.32400,2018-08-27 02:47:54
终于承认了,627.67100,2018-08-27 02:49:24
可以哦~~~,1015.52800,2018-08-27 02:49:50
噗,664.10300,2018-08-27 02:50:01
强行中圈套,772.04400,2018-08-27 02:51:49
赛巴斯酱。。。,1238.62000,2018-08-27 02:52:10
23333333333333,741.86700,2018-08-27 02:51:18
这是什么动作！！！,1088.08000,2018-08-27 02:52:17
做我女朋友吧,1010.48000,2018-08-27 02:54:17
你是我见过枪法最菜的主播了,647.33900,2018-08-27 02:54:47
爱酱好视力！,1113.56300,2018-08-27 02:54:51
真香？,1157.41000,2018-08-27 02:56:19
我吉良吉影只想过。。。,56.67900,2018-08-27 02:55:45
语速爆炸,418.41800,2018-08-27 02:57:23
这枪法哈哈(ಡωಡ)hiahiahia,699.95900,2018-08-27 02:57:30
poi,672.47400,2018-08-27 02:58:43
爱酱开始叫赛巴斯酱，字幕组的做的游戏字幕也改了成这个了，看着好有喜感,189.54500,2018-08-27 02:58:43
三指放大，直接看左下角,973.51200,2018-08-27 02:57:44
调下灵敏度啊,455.48800,2018-08-27 02:59:03
众所周知这是番茄汁,256.36700,2018-08-27 02:59:58
23333,418.00000,2018-08-27 03:02:48
怎么感觉头上的晃悠悠垂下来了,69.19400,2018-08-27 03:03:06
瞬间语速超神,426.73000,2018-08-27 03:03:12
她真可爱,531.10200,2018-08-27 03:04:35
你想被我烧死吗,71.38200,2018-08-27 03:06:06
爱酱还没用过普通弩箭,628.99900,2018-08-27 03:06:52
扣子差评,110.14200,2018-08-27 03:06:58
爱迪生,284.35100,2018-08-27 03:07:18
姨妈色,127.06200,2018-08-27 03:07:24
这次没口胡，差评了啊,3.54700,2018-08-27 03:07:24
吴克,222.47800,2018-08-27 03:08:15
一看你就是 撸 多 了,6.27500,2018-08-27 03:07:47
2333,749.23200,2018-08-27 03:08:57
铁处女,248.24900,2018-08-27 03:09:02
一套操作，行云流水,801.68900,2018-08-27 03:09:57
怂的一批,960.70200,2018-08-27 03:11:13
代打上线,988.98400,2018-08-27 03:15:03
23333重点歪的不行的爱酱,1021.50900,2018-08-27 03:14:15
这也在你的计算之中吗?jojo,774.78100,2018-08-27 03:16:44
最后一发瞄天,580.98200,2018-08-27 03:21:16
提前尖叫,204.62000,2018-08-27 03:22:35
不想救还行,259.66000,2018-08-27 03:23:43
自我惊吓,315.26400,2018-08-27 03:25:00
本子预定,1378.64100,2018-08-27 03:25:07
2333333,415.02200,2018-08-27 03:26:44
前方杀猪,1070.86200,2018-08-27 03:28:12
丁宁（察觉）,1226.67000,2018-08-27 03:27:29
打枪不如近战,481.52200,2018-08-27 03:28:18
这怪好强，这么近都躲过去了,526.90300,2018-08-27 03:29:40
笑死了,628.47700,2018-08-27 03:31:32
前面的别扯蛋了，血明明是黑色的,78.49800,2018-08-27 03:31:32
因为这是体感游戏啊23333,239.18800,2018-08-27 03:31:57
血不是这个颜色的吗？,79.35900,2018-08-27 03:34:24
你有枪跑什么,749.57800,2018-08-27 03:33:52
高能君在哪？,398.69900,2018-08-27 03:35:49
痴汉爱,1013.01500,2018-08-27 03:38:33
滚滚滚滚,141.38000,2018-08-27 03:40:27
气笑,665.30400,2018-08-27 03:41:28
出现了，只有下去你才能再次上来,1134.76400,2018-08-27 03:42:12
体感游戏,238.74400,2018-08-27 03:42:29
行行行,1029.89900,2018-08-27 03:41:41
淦,1087.12600,2018-08-27 03:43:02
23333,275.30000,2018-08-27 03:43:08
水深火热的手柄玩家,459.48400,2018-08-27 03:43:58
前方高能,1143.48600,2018-08-27 03:44:10
又玩了几年的游戏,9.19700,2018-08-27 03:47:11
killer queen，第一炸弹,130.43200,2018-08-27 03:47:46
毕竟不是我们自己在玩，清晰度差很多,1109.52300,2018-08-27 03:47:47
反手就是爆头,641.57100,2018-08-27 03:49:51
这滋尿一样的弹道,619.72700,2018-08-27 03:53:10
她真可爱,841.74400,2018-08-27 03:53:55
原力,1194.41000,2018-08-27 03:54:50
我记得是从边上的房子爬洞爬进去,964.45400,2018-08-27 03:54:30
是不知道怎么调亮来,105.00200,2018-08-27 03:54:59
吉绊吉爱,70.77300,2018-08-27 03:57:36
爱酱好可爱,281.70200,2018-08-27 03:59:22
炸胡,486.19700,2018-08-27 03:59:01
408个小伙伴你们好,73.98800,2018-08-27 04:01:12
看过这游戏的剪辑,175.67300,2018-08-27 04:02:48
有趣,185.60500,2018-08-27 04:02:58
那个，另一个世界,1034.13600,2018-08-27 04:02:21
这连续抖动？！难道你是王思聪？！,516.04300,2018-08-27 04:03:59
前方高能,313.64100,2018-08-27 04:05:05
请调小音量,317.46000,2018-08-27 04:05:24
爱酱你爱不爱我啊？,875.56600,2018-08-27 04:06:00
那是条腿吗。。。,356.34800,2018-08-27 04:11:41
大战之前必有啊啊啊啊啊啊啊啊啊啊啊,1186.36700,2018-08-27 04:15:02
目 力 绊 爱,741.62500,2018-08-27 04:16:04
ad火男,1279.51900,2018-08-27 04:16:43
当面换弹,531.05800,2018-08-27 04:19:32
血不是绿色？,173.33000,2018-08-27 04:22:54
754,75.11000,2018-08-27 04:23:47
到最后就我记得发弹幕，好孤独,1345.66800,2018-08-27 04:23:49
爱酱，你爱我吗,879.19100,2018-08-27 04:28:34
一臉萌逼,1276.93000,2018-08-27 04:30:04
左摇摇  右逛逛,982.92600,2018-08-27 04:30:58
左摇右晃,981.51800,2018-08-27 04:31:10
能用斧头吗,666.46700,2018-08-27 04:31:23
一个游戏玩半年不变强都难,489.12100,2018-08-27 04:32:35
吓·,159.22000,2018-08-27 04:36:21
两只动作神同步,580.93700,2018-08-27 04:37:54
预定本子,1376.75600,2018-08-27 04:45:20
越吼越怂好评,1121.15600,2018-08-27 04:45:35
快洗手,1293.03900,2018-08-27 04:45:36
我什么都会做的！,1006.92000,2018-08-27 04:48:02
1.6万之后,36.12000,2018-08-27 04:48:29
前面的，我告诉你A型血是黑色的，B型血是绿色的,85.43900,2018-08-27 04:54:08
体感游戏,227.79100,2018-08-27 04:55:33
爱酱不会坏掉的 0-0,46.89400,2018-08-27 04:59:26
行云流水的操作,786.09100,2018-08-27 04:59:56
啊，我知道，深绿色。,229.83800,2018-08-27 05:02:47
软体暴走中,428.48000,2018-08-27 05:02:49
爱生还行,291.02900,2018-08-27 05:05:03
无限瓶制,622.38300,2018-08-27 05:06:03
你在干啥233333,523.43600,2018-08-27 05:08:56
花～～,335.99600,2018-08-27 05:10:22
23333333,622.39700,2018-08-27 05:10:35
放弃手柄吧233333,595.69200,2018-08-27 05:10:08
我知道了，是S。嗯，是S。,678.21800,2018-08-27 05:11:01
我好想揪爱酱的晃悠悠啊啊啊啊啊,1020.32200,2018-08-27 05:12:41
为什么过不了审，又不是逃生,172.76900,2018-08-27 05:12:08
23333333333333,770.48400,2018-08-27 05:13:03
哼,817.20200,2018-08-27 05:13:58
矿泉水瓶的作用 0-0滑稽滑稽,789.10100,2018-08-27 05:14:18
爱酱你爱我吗,878.72100,2018-08-27 05:15:27
我时刻记得我进来是看爱酱的,814.71100,2018-08-27 05:16:58
痴汉爱,1009.51200,2018-08-27 05:17:49
爱酱也太可爱了吧,651.01900,2018-08-27 05:18:46
23333333,1152.06300,2018-08-27 05:20:11
笑死我了,623.35400,2018-08-27 05:20:14
你威为什么不用霰弹枪？,573.51900,2018-08-27 05:24:10
这是幻,76.10100,2018-08-27 05:26:51
这就对了，明知自己枪法不行，还不用霰弹枪。,721.95500,2018-08-27 05:27:03
这是戴歪了,129.28100,2018-08-27 05:27:52
前方高能,136.53700,2018-08-27 05:28:20
专门来听爱酱尖叫的我是不是没救了,159.61600,2018-08-27 05:29:40
提前尖叫表示害怕,215.45800,2018-08-27 05:31:09
爱酱不喜欢鲜血,264.11800,2018-08-27 05:32:21
烫脚,248.91800,2018-08-27 05:31:47
不要怕，我们的老大英明神武,301.99900,2018-08-27 05:33:33
怂人的直觉,289.47800,2018-08-27 05:33:01
花～～～,340.03800,2018-08-27 05:34:16
没血的爱酱举步维艰,388.39800,2018-08-27 05:35:21
前方高萌,406.57500,2018-08-27 05:35:56
完美错过开门机关,690.38800,2018-08-27 05:36:30
大自然的雨蛙（绊爱）,144.03700,2018-08-27 05:36:37
爱式饶舌,419.69500,2018-08-27 05:36:22
呱！呱！呱！呱！,135.93000,2018-08-27 05:46:50
我称这章为火烧棍关,223.94100,2018-08-27 05:47:27
开门放怪！！！,422.93000,2018-08-27 05:51:18
爆头哦,443.70400,2018-08-27 05:52:19
居然还想起来了,1143.59900,2018-08-27 05:54:05
前面故意说反话的泥垢了,533.22500,2018-08-27 05:54:08
感觉声优妹子又要被吓哭了,1164.44800,2018-08-27 05:54:41
我 什 么 都 愿 意 做,1005.84200,2018-08-27 06:02:53
花Q,1248.83600,2018-08-27 06:03:11
野兽先辈绊爱说又一实锤,1008.61600,2018-08-27 06:04:02
女鬼的真身,1331.12300,2018-08-27 06:04:45
快！打怪升级！,1268.61000,2018-08-27 06:05:37
日常口胡（0/1）,5.51800,2018-08-27 06:11:13
无故大叫的爱酱,1086.36900,2018-08-27 06:11:14
前面的，哪里血腥啦，看清楚，这血是红的，假血，真血动脉血是绿的，静脉血是黑的,507.62800,2018-08-27 06:14:42
一段激烈的挣扎声，然后是女人的哭泣，嗯～～～～～～,1029.75000,2018-08-27 06:15:08
爱酱，我们是你的粉丝呀,585.64800,2018-08-27 06:16:20
所以说爱酱会不会最后是拿瓶子砸死的怪,667.82200,2018-08-27 06:18:09
爱生笑尿！！！,287.25100,2018-08-27 06:21:51
好刺激,484.55500,2018-08-27 06:24:35
嘿咻嘿咻,840.57700,2018-08-27 06:25:10
一切正常一切正常，哈哈,540.95500,2018-08-27 06:25:31
莫挨老子,583.44100,2018-08-27 06:27:00
左下角我抱走了，不接受反驳,954.65700,2018-08-27 06:27:12
哈哈真实,662.11400,2018-08-27 06:28:33
前方杀猪,1072.19000,2018-08-27 06:29:20
行云流水的操作,807.19600,2018-08-27 06:31:16
我〒_〒，你们呢,726.89400,2018-08-27 06:32:38
声源不好做啊,1186.62400,2018-08-27 06:33:31
小眼神,317.37700,2018-08-27 06:34:01
照妖镜,1364.83000,2018-08-27 06:34:05
我完事了，你们呢,887.97400,2018-08-27 06:35:32
这突然吐槽的语速,422.79300,2018-08-27 06:35:59
不要回答！不要回答！不要回答！,904.81500,2018-08-27 06:36:29
好菜啊,488.17800,2018-08-27 06:38:13
啦啦啦,64.80200,2018-08-27 06:43:07
新怪,1268.72200,2018-08-27 06:44:49
过审了。。,479.44400,2018-08-27 06:45:49
字幕已被改成塞巴斯酱了233,156.98300,2018-08-27 06:45:01
。。。。。。。。。。。。。。。。。。,1050.59900,2018-08-27 06:46:40
举高高的，你是魔鬼吗？,1267.45600,2018-08-27 06:47:18
将怪物放出来,436.32200,2018-08-27 06:49:58
233333,416.90100,2018-08-27 06:49:22
本子预定,1372.41700,2018-08-27 06:51:29
其实日语中塞巴斯蒂安的发音就是塞巴斯酱,199.47100,2018-08-27 06:51:29
爱酱叫你们快点嘿咻嘿咻,845.19400,2018-08-27 06:52:30
我通关了，,105.48200,2018-08-27 06:51:34
其实没有，都在笼子里,203.12200,2018-08-27 06:53:20
就是不用刀,674.59700,2018-08-27 06:54:06
不会，这是灯,293.08200,2018-08-27 06:55:03
看成恶臭附身,32.69400,2018-08-27 06:55:30
这里很简单，往后都很简单,383.30100,2018-08-27 06:56:44
这里最舒服的是没有女鬼,386.96100,2018-08-27 06:56:54
头箍不平衡了23333,58.52400,2018-08-27 06:55:56
丧尸你都不打，就开这个你怕是石乐志,424.67900,2018-08-27 06:57:44
酱,964.95900,2018-08-27 06:58:58
卧槽？,1109.83700,2018-08-27 07:01:45
还没打完呢？,6.74100,2018-08-27 07:07:35
嚎就完事儿了,1095.08600,2018-08-27 07:11:39
毕竟是简单难度,1316.42000,2018-08-27 07:15:41
ん？今何でもするで。。。,1005.96700,2018-08-27 07:15:47
放屁 ，血明明就是绿的,86.08100,2018-08-27 07:17:24
热情的粉丝,588.27800,2018-08-27 07:17:48
穿透灵魂的叫声,261.77900,2018-08-27 07:19:21
字幕军你们变了,814.35000,2018-08-27 07:20:54
克苏鲁,219.92100,2018-08-27 07:20:02
前方高能,1363.44500,2018-08-27 07:22:30
人体描边大师,469.26900,2018-08-27 07:22:50
软体异常,428.18400,2018-08-27 07:25:10
一把手枪,打出了步枪的感觉,582.14800,2018-08-27 07:25:45
偷偷抱走,1175.92400,2018-08-27 07:25:26
真的是浪费呀,670.38000,2018-08-27 07:27:19
一得死,1023.57300,2018-08-27 07:29:09
血明明是绿色的,81.25800,2018-08-27 07:31:13
代打严重,1110.61500,2018-08-27 07:30:52
蜜汁枪法,528.97600,2018-08-27 07:36:49
我爱酱打不到的怪都很强,569.58800,2018-08-27 07:50:59
怪：mmp打又打不到你，你还不给我个痛快,666.07300,2018-08-27 07:52:53
来了,0.00000,2018-08-27 07:54:14
来了老婆,6.89900,2018-08-27 07:54:24
爱生666,287.71600,2018-08-27 07:56:24
你们这群人发病了.,900.57300,2018-08-27 07:56:47
铁处女！,247.22200,2018-08-27 08:01:36
浪费啊,678.38800,2018-08-27 08:03:16
嗨多磨,7.79900,2018-08-27 08:03:57
瞎说什么血是紫的（从shroud那里来的）,92.48000,2018-08-27 08:05:01
想到火云邪神。。。。。还有救么,103.10000,2018-08-27 08:04:38
woc,766.41500,2018-08-27 08:04:48
吓得语无伦次，好可爱,407.14100,2018-08-27 08:11:10
我眼瞎了。。。,1115.24700,2018-08-27 08:10:22
2,41.83900,2018-08-27 08:11:51
古一是你吗,1196.14600,2018-08-27 08:15:27
恶灵骑士既视感,1264.37100,2018-08-27 08:16:45
输出全靠瓶子,670.56200,2018-08-27 08:18:17
好可爱爱酱,847.03700,2018-08-27 08:18:37
血是黑的（柯南那里来）,100.50100,2018-08-27 08:18:47
我瞎了,1108.72000,2018-08-27 08:23:34
调皮的字幕组,1152.06300,2018-08-27 08:24:56
怎么那么多瓶子,673.22500,2018-08-27 08:24:59
我爱死你了,888.95500,2018-08-27 08:27:34
本子预定,1372.66300,2018-08-27 08:28:41
浪费啊,1071.70900,2018-08-27 08:31:45
哪来的瓶子？,788.27200,2018-08-27 08:32:05
看本体,91.29200,2018-08-27 08:34:04
趁门不注意塞进去的,910.80800,2018-08-27 08:43:57
右上角的是显微镜玩多了吗？,239.78800,2018-08-27 08:49:21
这得有多少瓶子。。,779.31300,2018-08-27 08:55:12
你们有多少根头发,23.62400,2018-08-27 08:55:22
活活完成逃生了,622.80700,2018-08-27 08:58:49
哈哈哈哈,665.08000,2018-08-27 08:59:31
血是马塞克一样才对,107.90100,2018-08-27 09:04:09
这章没什么可怕的,245.27000,2018-08-27 09:04:54
嗨多磨,5.46300,2018-08-27 09:07:23
233333333333,418.65300,2018-08-27 09:14:16
一朝被蛇咬,1161.15100,2018-08-27 09:14:17
开灯啊，老爱，这画面黑的…,305.69900,2018-08-27 09:14:20
语无伦次,420.11100,2018-08-27 09:14:22
牙吧咪～～～,370.72900,2018-08-27 09:15:50
有眼睛发出的红光,1101.65900,2018-08-27 09:21:03
嘤嘤嘤,889.04400,2018-08-27 09:23:13
手电不小心打开打开了2333,1125.34900,2018-08-27 09:28:50
你头上的犹大真好看,309.42600,2018-08-27 09:29:50
赛巴斯：我头一次这么怂的,529.50400,2018-08-27 09:40:47
戏真多,562.22400,2018-08-27 09:41:34
被nc粉追的爱酱,599.09300,2018-08-27 09:42:16
肉搏,621.66900,2018-08-27 09:42:46
爱酱啥时候换新衣服啊,680.42900,2018-08-27 09:44:01
纳尼？陷阱我,771.36900,2018-08-27 09:46:05
贴脸打怪,795.08900,2018-08-27 09:46:46
声音在颤抖,820.00700,2018-08-27 09:47:28
爱你呦,883.62600,2018-08-27 09:48:44
代入感极强,903.30700,2018-08-27 09:49:15
腹黑小爱酱,945.98600,2018-08-27 09:50:11
爱酱你在想什么？,1012.52400,2018-08-27 09:51:29
被你崩了,1045.60300,2018-08-27 09:52:27
666,722.65200,2018-08-27 09:52:35
来我这，约一辈子都行,1018.24400,2018-08-27 09:51:53
？？？,1082.08400,2018-08-27 09:53:09
我……我开动了？,1085.22400,2018-08-27 09:53:23
前方高能,410.37800,2018-08-27 09:53:47
这里最好先把牢房里的僵尸打死,368.40100,2018-08-27 09:52:57
这什么视力？,1106.08400,2018-08-27 09:53:57
这字幕组皮的呦喂,1152.45000,2018-08-27 09:55:26
爱酱真是太不容易了，明明可以卖萌度日却要玩恐怖游戏（இдஇ`）,212.80100,2018-08-27 09:56:28
时辰出来背锅,1220.05100,2018-08-27 09:56:42
封面出现,1263.01000,2018-08-27 09:57:43
被玩坏了。。,44.66300,2018-08-27 09:58:00
2333蠢爱你这姿势也是没谁了,670.50600,2018-08-27 09:58:16
萌(ノ＞▽＜。)ノ,340.84000,2018-08-27 09:58:47
突然惊慌,1282.81000,2018-08-27 09:58:30
散弹看起来好爽,1324.64900,2018-08-27 09:59:23
本子预订,1373.01000,2018-08-27 10:00:20
奢侈。。。。。。,735.11600,2018-08-27 09:59:32
然而从来没有见过本子,1376.93100,2018-08-27 10:00:47
本子预订,1374.91000,2018-08-27 10:00:28
前方高能（大概）,1247.49700,2018-08-27 10:04:41
吓到变声ヾ(;ﾟдﾟ)/,1174.24300,2018-08-27 10:13:06
666666,377.11400,2018-08-27 10:29:30
左下角比游戏好看系列……,45.98000,2018-08-27 10:55:27
火男,1261.68400,2018-08-27 11:01:45
没弹幕？,1363.33300,2018-08-27 11:11:39
这是飞一样的感觉,1190.50100,2018-08-27 11:39:29
。。。。,880.35400,2018-08-27 11:59:06
月化了？,648.78400,2018-08-27 12:01:59
趁门不注意塞进去那个 大半夜笑出声,920.96500,2018-08-27 12:08:02
玩着太带入了,1363.14600,2018-08-27 13:24:20
谁能告诉我。爱酱有多少根头发,29.99900,2018-08-27 13:41:27
一下子玩通关，就不是爱酱了,62.50700,2018-08-27 13:42:28
uioun？封印者？等等，有点跳戏，让我缓缓,1065.79700,2018-08-27 15:09:52
燃烧我的卡路里,1275.83400,2018-08-27 15:12:47
瞄准瞄了一年 这还能打不中真的太菜了,737.95800,2018-08-27 15:46:40
电椅,101.36700,2018-08-27 16:14:58
呱呱呱呱 这是哪里,157.05700,2018-08-27 16:15:54
太厉害了，膜拜大佬,497.50000,2018-08-27 16:16:43
菜又怎么了可爱就够了,750.41300,2018-08-27 16:17:07
一号玩家,750.16700,2018-08-27 16:20:55
666666666666,797.03500,2018-08-27 16:21:42
一巴巴,488.64800,2018-08-27 16:32:35
233333,283.46100,2018-08-27 17:28:03
233333,416.21000,2018-08-27 17:30:38
人体描边2333,528.20000,2018-08-27 17:39:33
我居然没看到,1113.89300,2018-08-27 17:43:01
日常乌鸦叫,1289.79100,2018-08-27 17:48:27
这是我见过的的唯一一个怕这东西掉下来的....,326.96400,2018-08-27 18:07:45
233333333333333333333,418.88200,2018-08-27 18:09:17
随缘枪法啊,541.30500,2018-08-27 18:11:20
前边fps的，这是tps,718.42800,2018-08-27 18:14:19
换弹癌表示十分难受,877.53700,2018-08-27 18:16:58
诈尸,926.53200,2018-08-27 18:17:47
是不弩一发没中,645.52100,2018-08-27 18:18:58
赛巴斯酱,1213.87800,2018-08-27 18:19:08
打boss都没用过的啊,679.32900,2018-08-27 18:19:43
时辰你看这个锅,1239.50500,2018-08-27 18:23:00
不搜刮？,1318.85000,2018-08-27 18:24:20
卡了233333333333333,1343.76200,2018-08-27 18:24:45
本子预定,1371.38200,2018-08-27 18:25:19
吉良吉影,69.17300,2018-08-27 18:42:01
你们想看爱酱用霸王生发水吗？,217.11000,2018-08-27 18:44:49
鬼打墙,286.58100,2018-08-27 18:45:59
爱生海星,305.03800,2018-08-27 18:48:56
散弹枪了解一下,485.96500,2018-08-27 18:49:17
突然慌张,423.22600,2018-08-27 18:50:54
慌啥啊,440.08800,2018-08-27 18:51:11
用手打不好吗？,629.44600,2018-08-27 18:51:41
你要笑死我了╯∀╰,677.91200,2018-08-27 18:52:29
爱力与你同在,757.27500,2018-08-27 18:53:49
都不知道打它腿吗？,734.91600,2018-08-27 18:53:27
如果玩刺客信条的话估计已经。。。,822.71200,2018-08-27 18:54:54
ớ ₃ờ你怕是没见过她头发飘起来的时候。,891.28300,2018-08-27 18:56:03
玛依拉是什么鬼,30.49600,2018-08-27 18:56:34
这就是爱。。。。,959.58600,2018-08-27 18:57:12
好技术,822.23700,2018-08-27 18:57:33
哦侯吼,782.75000,2018-08-27 18:56:54
你们够了,888.77800,2018-08-27 18:58:40
只有一人的传销组织,157.35700,2018-08-27 18:58:50
怕什么反正你也打不过,203.57600,2018-08-27 18:59:44
看看有什么母体吗？好吧~_~。,1305.43300,2018-08-27 18:59:56
哈,1023.51100,2018-08-27 19:00:54
哪里有人？？？？,347.07700,2018-08-27 19:02:41
爱酱比游戏恐怖不已经是公认的事实了？,326.71600,2018-08-27 19:02:15
这里还行吧，武器如果好的话就很好打，像老爱这样的……子弹都不够吧……,380.93600,2018-08-27 19:03:56
鱼叉箭不拿？？？,424.17300,2018-08-27 19:04:48
要用魔法打败魔法,1270.82900,2018-08-27 19:05:17
人体描边,470.29300,2018-08-27 19:05:58
人体描边,473.79400,2018-08-27 19:06:09
强？？？？,485.63400,2018-08-27 19:06:25
是可以强化，但是你觉得爱酱这水平能拿多少零件？,452.27400,2018-08-27 19:05:34
她那是没零件升不了级,497.17400,2018-08-27 19:06:52
用瓶子啊,518.15400,2018-08-27 19:07:50
这是个装死的，对付这种家伙我都是一瓶子下去然后来一刀,512.55400,2018-08-27 19:07:40
打墙上能不坚硬吗,568.81300,2018-08-27 19:08:52
我靠她会用斧头了？,639.45000,2018-08-27 19:10:25
边上那个图标真的看不见吗,687.37000,2018-08-27 19:11:55
斧头用掉了还怎么拿？你不知道那玩意是一次性的吗？,666.11000,2018-08-27 19:11:14
爱酱估计是不知道射不中的弩箭还可以捡回来,716.31000,2018-08-27 19:12:43
女神像哭了,724.84000,2018-08-27 19:13:12
其实那只是爱酱没打中怪的电击箭,776.59900,2018-08-27 19:14:21
神罗天征,1196.03000,2018-08-27 19:17:52
woc，这游戏玩了几年了,4.82000,2018-08-27 19:25:16
她不知道箱子有补给吧,921.04900,2018-08-27 19:34:17
她会开手电了,1121.19800,2018-08-27 19:37:55
这个败犬翻译得真机智,1216.49900,2018-08-27 19:39:52
时辰，打卡上班了,1221.10200,2018-08-27 19:46:23
他又大又圆,1243.24200,2018-08-27 19:46:51
动起来还得了,175.20700,2018-08-27 20:02:11
爱酱直感A+,201.64700,2018-08-27 20:02:52
希望爱酱多玩点解谜类型的游戏,221.50700,2018-08-27 20:03:38
爱酱的一生,277.50700,2018-08-27 20:04:48
大战之前必有瓶子？,360.21900,2018-08-27 20:06:36
对爱酱来说，有人就算高能了,383.13800,2018-08-27 20:07:14
突然饶舌,425.63600,2018-08-27 20:08:02
前方起立高能,507.78600,2018-08-27 20:09:43
瓶子是被动,609.36600,2018-08-27 20:11:39
萌即是正义,678.64300,2018-08-27 20:12:58
用VR玩这类游戏会听见爱酱全程哭诉,658.55300,2018-08-27 20:14:46
前方神级意识,752.70800,2018-08-27 20:14:48
爱酱：计划通，计划通，一切尽在掌握在,788.96400,2018-08-27 20:17:19
头箍不均衡了,71.31900,2018-08-27 20:20:38
爱爱爱爱爱好可爱,270.60100,2018-08-27 20:23:57
这游戏是播了多久了。。,77.51800,2018-08-27 20:24:37
夭寿啦。她会卡怪啦。,1311.11400,2018-08-27 20:27:04
66666666666666666,473.09700,2018-08-27 20:27:20
哈哈哈哈哈哈哈哈哈哈哈哈或,420.11400,2018-08-27 20:26:27
不过手柄玩家是这样的,482.44900,2018-08-27 20:27:29
下面是针的就交给你们当了,580.88900,2018-08-27 20:29:07
哈哈哈哈哈哈哈哈哈哈哈,668.34400,2018-08-27 20:30:35
我都没看到,1111.02200,2018-08-27 20:31:26
前面说FPS的,这是TPS,696.31100,2018-08-27 20:31:38
笑死我了哈哈哈哈哈,763.80100,2018-08-27 20:32:10
好多的瓶子啊,785.71400,2018-08-27 20:32:32
23333,1287.43600,2018-08-27 20:35:16
弹幕护体,334.02600,2018-08-27 20:37:59
爱酱这集好好玩,1372.60800,2018-08-27 20:42:34
偷偷承包,134.16500,2018-08-27 20:46:26
体感游戏,658.72800,2018-08-27 20:49:04
我都是被刺的，不然子弹不够,465.77300,2018-08-27 20:57:50
手柄有辅助瞄准，开镜打一枪会自动到头,510.16000,2018-08-27 20:58:35
谢谢,0.95200,2018-08-27 21:00:00
醉以太了（X,1125.89700,2018-08-27 21:12:20
翻译：你没救你的Wi-Fi（笑）,1224.88500,2018-08-27 21:17:01
后期子弹应该不够吧，但是难度低应该没事,544.11800,2018-08-27 21:26:08
她狙击枪都没,614.29100,2018-08-27 21:27:18
两只小僵尸，绕一下，被刺解决,650.12500,2018-08-27 21:27:54
韩宗视角,976.74000,2018-08-27 21:28:01
是小怪吧,684.04900,2018-08-27 21:28:28
子弹布偶了,728.51100,2018-08-27 21:29:12
算了吧，你子弹不够的，扩容一点用没有,817.70000,2018-08-27 21:30:41
日语九点,1221.28900,2018-08-27 21:31:30
日语就是败犬啊,1221.28900,2018-08-27 21:31:43
哪里血腥了，都是假血，真血是绿色的,509.16800,2018-08-27 21:55:19
贴脸描边还行...,529.30300,2018-08-27 21:55:50
神罗天征,1188.63300,2018-08-27 22:30:39
384酱？！！,14.43700,2018-08-27 22:33:12
384酱！,167.50700,2018-08-27 22:35:00
其实这些牢房里的全都可以提前打死,408.40800,2018-08-27 22:39:00
走支线可以拿经典的左轮,475.36800,2018-08-27 22:40:07
这个脸是防弹的,591.62300,2018-08-27 22:42:03
Shooting stars在哪里,1193.18900,2018-08-27 22:43:45
我玩到这的时候已经是长管霰弹枪了,721.81500,2018-08-27 22:44:13
2333333原谅我，太好笑了,602.41800,2018-08-27 23:17:26
爱酱是我的(｢･ω･)｢嘿,72.07900,2018-08-27 23:17:31
要 素 发 现,1008.87500,2018-08-27 23:34:16
啥莉莉？英莉莉吗？败犬？,1208.04100,2018-08-27 23:37:17
爱酱:我射不中！！！,690.48900,2018-08-27 23:49:51
Poi?,675.83500,2018-08-28 00:14:24
好久没更新了都忘记上一期啥样了,21.25800,2018-08-28 00:36:42
全程l看左下角,13.37300,2018-08-28 00:45:49
要素察觉,1138.52700,2018-08-28 01:01:09
发生了啥？,770.77000,2018-08-28 01:11:41
我要开动了！,1079.37400,2018-08-28 01:18:15
本子以阅,1372.05900,2018-08-28 01:23:39
爱酱有嘻哈,427.45800,2018-08-28 01:24:38
hhhhhhhh,232.21300,2018-08-28 01:59:41
233333333333,422.24400,2018-08-28 02:02:51
23333333333,585.72400,2018-08-28 02:05:34
hhhhhhhhhhhhhhhhh,664.93900,2018-08-28 02:06:54
233333,620.75900,2018-08-28 02:06:09
hhhhhhhhhhhh,1012.43600,2018-08-28 02:20:28
23333333333,1145.89900,2018-08-28 02:25:12
你们没流过血吗 是蓝色的啊,87.12000,2018-08-28 02:24:33
现在血这个颜色,99.38800,2018-08-28 02:37:08
精分现场,138.78200,2018-08-28 03:35:26
26424,8.66000,2018-08-28 03:35:52
暂停到了什么不得了的东西,138.78200,2018-08-28 03:35:37
这个局我布了一年2333,771.12300,2018-08-28 03:48:50
2333333,412.84600,2018-08-28 04:03:51
描边大师23333,469.57200,2018-08-28 04:05:46
盘丝大仙，五百年前？,144.64900,2018-08-28 04:05:54
233333,662.43600,2018-08-28 04:09:32
躺着也中枪,939.98400,2018-08-28 04:14:16
真香,1155.87900,2018-08-28 04:18:28
技能全点潜行的话很简单的,385.32900,2018-08-28 04:19:08
刺激,1200.20100,2018-08-28 04:19:14
前方高能,1363.04300,2018-08-28 04:22:03
似曾相识的镜头,1150.69600,2018-08-28 04:26:56
她是不是配音的血小板？,1058.61200,2018-08-28 04:27:32
体感游戏,537.78900,2018-08-28 04:39:17
66666666666666666666666666666,430.24900,2018-08-28 04:57:08
塞巴斯？,5.01400,2018-08-28 05:03:28
最好是先把笼子里的打死,398.67100,2018-08-28 05:30:07
果然量产货都是菜鸡,1311.37300,2018-08-28 05:38:14
233,284.37300,2018-08-28 05:46:02
全面屏,45.74400,2018-08-28 05:54:33
不愧是苏帕AI,1124.80900,2018-08-28 06:12:32
全程看左下角.....,74.30300,2018-08-28 06:18:27
嘤嘤嘤,885.99100,2018-08-28 06:31:04
还阿里嘎都2333,169.53900,2018-08-28 06:48:29
哟西(女王),676.74000,2018-08-28 07:43:53
光听声音的室友以为我在看AV,1028.52900,2018-08-28 08:01:23
23333,286.63800,2018-08-28 08:03:06
讲实话要笑死了,303.27900,2018-08-28 08:03:24
靠墙走  讲究,328.29800,2018-08-28 08:04:30
血不是绿色的吗，爱酱你别骗我，我读书不少,75.54400,2018-08-28 08:13:27
233333,276.98900,2018-08-28 08:15:02
我觉得第一人称更好玩，但老爱可能会把我们和自己晃吐,397.07300,2018-08-28 08:23:20
吓出乱码,413.95900,2018-08-28 08:23:48
哈哈哈哈哈哈哈哈,471.49900,2018-08-28 08:24:50
等会儿火男怎么办哟,502.41900,2018-08-28 08:25:30
多磨！,1162.38300,2018-08-28 08:36:57
粉丝见面会现场,591.08300,2018-08-28 08:42:00
点我看鬼故事,1272.68100,2018-08-28 08:55:24
好可爱,261.54800,2018-08-28 09:06:30
我想到了035和079,37.30100,2018-08-28 09:25:07
charger!!,1308.36900,2018-08-28 09:26:57
怂到一定程度啥都怕,347.24300,2018-08-28 10:57:17
这过审了,481.08800,2018-08-28 10:59:39
慌忙逃窜,764.77600,2018-08-28 11:04:38
还有8颗子弹...,529.87700,2018-08-28 11:35:37
？？？,1105.74900,2018-08-28 13:10:44
我已无话可说……,471.37700,2018-08-28 18:21:38
我的天……,762.64700,2018-08-28 18:26:40
轮椅战神,98.64000,2018-08-28 18:41:34
很明显是用手柄玩的,528.50300,2018-08-28 21:22:22
哈哈哈哈哈哈哈哈哈哈哈哈哈哈哈,425.59400,2018-08-28 21:36:12
本子预定,1378.53900,2018-08-28 21:42:31
存档提示好评,155.62100,2018-08-28 22:30:05
嘴里喊着可怕可全程都是微笑....,303.74100,2018-08-28 22:33:05
骨王？,210.74300,2018-08-28 22:37:27
浪费子弹…,683.19300,2018-08-28 22:42:22
为什么ai可以做到。。,435.12400,2018-08-28 22:53:29
无尽梯子了解一下(๑•̀ㅂ•́)و✧,1147.04700,2018-08-28 23:01:16
老婆，你爱不爱我？,881.65500,2018-08-28 23:49:57
左下角体感游戏,957.39300,2018-08-28 23:51:15
23333333333,414.36100,2018-08-29 00:37:25
2333333,464.96000,2018-08-29 00:38:15
23333,519.98100,2018-08-29 00:39:10
233333,579.18100,2018-08-29 00:40:09
2333333333,628.16100,2018-08-29 00:40:58
哈哈哈哈哈哈哈哈哈哈哈哈哈哈,768.12100,2018-08-29 00:43:18
23333333,742.24000,2018-08-29 00:42:53
机智23333,937.46100,2018-08-29 00:46:08
233333,1015.64000,2018-08-29 00:47:26
警觉.jpg,1145.68100,2018-08-29 00:49:36
2333333,1212.78800,2018-08-29 00:51:00
233333333,1288.40900,2018-08-29 00:52:15
我就知道有吉良吉影，，都拉警告,53.17400,2018-08-29 03:09:21
点我有惊喜,1285.03700,2018-08-29 03:15:16
wryyyyyyyy!,1081.41600,2018-08-29 03:32:11
时臣，你看这个郭又大又圆。。。,1224.48300,2018-08-29 03:50:55
霰(xian)弹,1334.38300,2018-08-29 03:53:07
全给党,230.65000,2018-08-29 04:17:41
真躺着也中枪,941.42200,2018-08-29 04:27:44
大家好，我叫恢复药,548.03300,2018-08-29 04:47:31
老爱没升出子弹时间？？,637.47800,2018-08-29 05:05:45
真香,1149.19000,2018-08-29 05:45:10
被吓虚了还是喊累了,849.75500,2018-08-29 06:27:46
塞叔听了又是擦汗又是捂脸的,1046.10300,2018-08-29 06:31:57
用手柄玩你去试试？,482.40100,2018-08-29 09:04:46
我1080p都没看见→_→,1116.68900,2018-08-29 09:16:18
哈哈哈哈爱酱真可爱,1172.82900,2018-08-29 09:17:24
嗨多磨,2.68700,2018-08-29 10:17:51
手枪 甩枪爆头,526.41300,2018-08-29 11:07:34
绊爱:尴尬了 ,846.84000,2018-08-29 11:19:12
育碧,1059.52400,2018-08-29 15:24:18
你还好意思2333,1144.12700,2018-08-29 15:25:51
正义的背刺,934.99400,2018-08-29 18:00:05
老爱也是很厉害了，居然这么打都打不中,658.73400,2018-08-29 18:11:38
爱酱直感A,935.98200,2018-08-29 18:18:30
收破烂的,788.05400,2018-08-29 19:46:46
这个血才真实嘛,492.96700,2018-08-29 20:47:44
闪电箭，闪电箭，闪电箭！额，还是闪电箭。,681.72400,2018-08-29 20:52:37
探头射击,988.98500,2018-08-29 21:32:14
突然智商上线,940.35300,2018-08-29 21:38:41
众所周知这是番茄酱,483.83000,2018-08-29 21:52:43
浪费阿,530.31800,2018-08-29 22:08:47
太浪费了,672.81400,2018-08-29 22:11:17
哈哈哈哈哈哈,791.41400,2018-08-29 22:13:20
大叔爱石锤,1023.43100,2018-08-29 22:17:18
23333,473.03800,2018-08-29 22:18:32
爱酱玩这个跟纯黑玩恐怖游戏似的,1098.35000,2018-08-29 22:19:10
Ｏ(≧口≦)Ｏ,354.65200,2018-08-29 22:29:58
鬼畜,381.58200,2018-08-29 22:30:25
えええええええ,1202.76300,2018-08-29 22:45:05
ハイドも,1224.27700,2018-08-29 22:46:15
なに,1177.88000,2018-08-29 22:45:28
ああああああああ,1185.65300,2018-08-29 22:45:36
这就是我的逃跑路线啊,774.18600,2018-08-30 03:12:19
又黑又亮,1248.15800,2018-08-30 03:26:02
过审小王子,487.45500,2018-08-30 04:09:07
爱酱用的手柄所以很难瞄准再加上本来就是夕阳红,528.84000,2018-08-30 04:10:11
吃汗爱,1018.74700,2018-08-30 04:25:23
轮椅漂移,100.31800,2018-08-30 04:25:34
无限瓶制,788.07000,2018-08-30 04:32:16
外国人的血是红色的，我们的血都是绿色的，有的还能流石油,79.93800,2018-08-30 06:35:35
零距离打偏,526.73800,2018-08-30 07:12:22
额头擦汗表示无语,1018.82000,2018-08-30 07:44:21
我是瞎了吗,1093.33400,2018-08-30 09:43:56
侧身闪避,641.09300,2018-08-30 10:03:30
侧身窥探,986.44300,2018-08-30 10:10:02
hello,4.81800,2018-08-30 19:12:06
全给党,226.70100,2018-08-30 19:13:25
丰崎爱生,287.16000,2018-08-30 19:14:34
233333,1015.56500,2018-08-30 19:29:13
88888888,1371.21400,2018-08-30 19:35:27
什么都不做才是有错,1059.56000,2018-08-30 20:53:17
不。。。可怕的是你。。。,487.35500,2018-08-30 21:51:35
你更强。。。,483.87600,2018-08-30 22:08:10
哈哈哈啊哈哈哈,326.73000,2018-08-31 00:03:56
拉拉啊啦啦啦啦啦啦,333.83600,2018-08-31 00:04:19
怀孕了吗？,335.95900,2018-08-31 00:04:26
我的我的,337.91600,2018-08-31 00:04:31
我干的,340.21100,2018-08-31 00:04:37
wgd,343.55500,2018-08-31 00:04:45
我干的,341.94300,2018-08-31 00:04:41
吓到描边,469.88700,2018-08-31 01:14:38
爆头啊,744.05200,2018-08-31 02:14:44
这个情节壁近生化危机啊,834.58100,2018-08-31 03:15:16
做梦！！！,268.77200,2018-08-31 04:48:33
人家其实是镜像翻转,203.16800,2018-08-31 07:45:52
早这样多好,793.85400,2018-08-31 20:20:37
要是12章无底天坑估计全程尖叫,847.33700,2018-09-01 01:17:21
鼓掌啊,681.32500,2018-09-01 06:40:21
看她玩，才开始玩的，现在都打通好久了,116.88100,2018-09-01 06:46:33
我满脑子里都是“卡哇伊”,169.01500,2018-09-01 07:23:57
最惨主播，没有之一，哈哈！,674.90900,2018-09-01 07:25:59
哦嚯嚯好评,768.63800,2018-09-01 07:28:08
真香,1153.00000,2018-09-01 07:40:36
睡觉那个被你爆头了…,1045.42400,2018-09-01 07:40:51
前方高能,1356.94900,2018-09-01 08:31:01
鱼叉其实贼强，一箭一个小怪，用电弩打小怪我觉得还行(误),681.72700,2018-09-02 04:48:45
血明明是灰色的,104.56400,2018-09-03 06:13:31
承包，这声“吭”,816.88300,2018-09-03 07:26:38
←菜鸡的试试噩梦以上难度再说话,1316.97600,2018-09-03 10:21:57
跑得快就插不中你啊,310.64000,2018-09-03 14:08:44
小猿,429.28600,2018-09-04 03:46:12
3.5W+,1.71800,2018-09-04 07:17:34
日语听得我好奇怪,1016.11800,2018-09-04 09:56:34
右上角爱酱瞩目,244.51800,2018-09-05 02:52:42
23333,422.59800,2018-09-05 20:23:39
2333,429.62800,2018-09-05 20:23:50
你的散弹枪去哪了,592.24900,2018-09-06 04:11:24
黄字好骚阿,227.97400,2018-09-06 08:13:52
小怪打出了boss的即视感,575.29200,2018-09-06 22:00:12
蛤蛤,154.49000,2018-09-08 05:09:00
卧槽？？我tm看了多少期了他终于又打开手电筒了！！！,1119.98100,2018-09-09 07:46:04
前方通往霍格沃兹！,1224.10200,2018-09-09 07:49:06
用大屏容易看,1115.42600,2018-09-11 19:53:36
众所周知，中国人的血都是绿色的,174.28900,2018-09-16 07:31:14
哈哈哈哈哈哈,766.76600,2018-09-16 09:48:41
漂亮,935.62200,2018-09-16 09:51:53
厉害了,1106.84600,2018-09-16 09:54:48
电击箭陷阱？,770.05600,2018-09-19 01:17:32
洗脑教,1254.67100,2018-09-20 09:09:00
嘤嘤怪，讲究,893.70300,2018-09-20 20:14:20
厚颜无耻,1030.86000,2018-09-20 20:16:45
....,885.66600,2018-09-23 23:25:05
闭眼新世界，恐惧个啥,158.41900,2018-09-26 19:38:53
别想了，我已经和她生米煮熟饭了,268.05000,2018-09-26 19:42:06
爱酱卡哇伊！,284.36500,2018-09-27 00:12:19
哈哈哈，哦呵呵,772.91500,2018-09-27 00:20:35
我也爱你❤,872.52200,2018-09-27 00:22:52
聪明的爱酱,940.22100,2018-09-27 00:24:04
哈哈哈，可以。,1018.24000,2018-09-27 00:25:32
心理创伤后遗症。,1139.85700,2018-09-27 00:28:28
哈哈哈，心理创伤后遗症。,1145.46400,2018-09-27 00:28:00
本子预定,1372.89700,2018-09-27 00:32:26
有虾,724.06600,2018-09-27 04:39:56
哦呵呵，笑死我了！,769.65800,2018-09-27 04:40:56
可你刚刚不是一枪把人家爆头了吗？,1019.31900,2018-09-27 04:45:30
本子预定,1376.25900,2018-09-27 04:51:47
不贴脸打不到,483.22900,2018-10-03 19:31:04
人体描边大师上线,466.24200,2018-10-04 06:15:19
血到底什么颜色啊？,115.09900,2018-10-04 10:47:39
耳机党好评,1211.67100,2018-10-06 03:10:17
可以，这很爱酱,684.08000,2018-10-11 07:43:39
这个声音和阿卡德很像啊,1226.77700,2018-10-15 00:54:58
野兽先辈爱酱说成立,1031.11400,2018-10-16 06:33:04
并不是,1046.83300,2018-10-22 09:58:03
妈呀…基本不中,471.82500,2018-11-10 08:58:48
真正的血液会比游戏里的黑一些，而且会随时间越来越黑（氧化）,96.31700,2018-11-13 23:41:19
微笑是默认表情,316.56600,2018-11-19 20:33:32
草木皆怪,1098.76900,2018-11-19 20:46:54
难道这也在你的意料之中吗！爱酱！ゴゴゴゴゴ,767.02100,2018-11-20 07:40:17
已收容,702.79600,2018-11-24 23:29:19
20多期了还搞不清楚弩怎么用,635.45300,2018-11-25 03:02:05
xx之前必有xx,814.82500,2018-12-06 04:55:55
你莫不是想笑死我,637.02800,2018-12-16 03:35:40
这都是时辰的错,1220.41200,2018-12-19 02:30:43
泰坦冲撞,1305.02500,2018-12-19 02:32:17
垂下去晃悠悠立起来了,207.81300,2019-01-13 23:04:52
求求你开个手电啊,1091.95000,2019-02-01 00:28:10
384！！！！！！！！！！！！！！！,6.63400,2019-02-04 01:36:46
原本很可怕但是被爱酱搞到怕不起来了,261.26900,2019-02-04 06:27:00
这游戏无掉落伤害,1211.17000,2019-02-07 22:48:40
拔支气管的魔鬼,275.91800,2019-02-11 04:55:10
微笑面对危险,306.69900,2019-02-14 09:08:03
彩虹色,113.15800,2019-02-16 19:09:52
不知为什么，我有点习惯了，内心毫无波动，甚至有点想笑。,147.63500,2019-02-18 09:45:15
血不是黑色吗,182.36900,2019-02-20 20:47:30
梅比乌斯,953.05600,2019-03-02 21:08:03
为什么什么都没看见,1107.97700,2019-03-29 00:09:39
上次见到这种贴身miss还是在xcom里……,660.53100,2019-03-31 09:25:21
这已经不能说菜的抠脚了，应该说菜的抠B....,752.40100,2019-03-31 22:42:19
血明明是粉色的！！,87.69900,2019-04-04 22:06:39
怪只想说。我把头伸到枪口面前怎么就这么难呢→_→,503.99600,2019-04-04 22:14:16
调到清晰就能看见,1121.47200,2019-04-05 01:20:50
子弹用完才记得用斧头,645.45000,2019-04-08 23:20:36
笑岔气了,681.67000,2019-04-18 23:41:36
我记着2比1简单多了,701.53900,2019-04-22 03:23:57
下饭，我饱了,486.96300,2019-05-03 04:55:05
我在狂笑,648.94600,2019-05-03 09:09:05
いよ,1032.38600,2019-05-03 09:46:11
出现了 烤肉man,1255.15800,2019-05-11 11:20:45
PP大法好,1150.91300,2019-05-11 22:52:26
Shroud的等等我，没想到这里也遇到了友军,103.58600,2019-05-28 11:48:18
