怎么没弹幕,16.71000,2019-04-26 11:03:22
僵硬,72.65000,2019-05-01 09:50:11
awsl,2618.23500,2019-05-28 17:59:30
