bgm鬼才,9.75600,2019-04-28 12:13:30
超声波攻击,2419.89000,2019-04-28 12:23:27
我就知道，哈哈哈哈哈哈,665.74700,2019-04-28 16:05:05
发出了debu的叫声,1409.09500,2019-04-28 16:17:47
hololive gamers,750.69900,2019-04-28 17:19:24
草,1178.90200,2019-04-28 17:27:33
。。。。。。。。,348.75300,2019-04-28 17:56:49
草,699.31700,2019-04-28 17:58:19
笑死,1171.81700,2019-04-28 18:02:38
草,1429.84600,2019-04-28 18:05:17
草,1175.75700,2019-04-28 19:09:41
尖叫(幻听),1261.59600,2019-04-28 19:11:19
一脸满足,1278.63700,2019-04-28 19:11:56
杂鱼 就会败北,2084.85200,2019-04-28 21:54:55
果然杂鱼就会败北,2182.01300,2019-04-28 21:56:43
草,933.79700,2019-04-28 22:11:50
又一个完成了恐怖游戏,710.57500,2019-04-29 00:00:33
我的耳朵....,832.55600,2019-04-29 00:02:35
23333333,1436.34800,2019-04-29 00:12:38
23333,1175.12400,2019-04-29 03:04:50
厉害厉害→ →,1217.46000,2019-04-29 03:05:33
终于出现了,938.07400,2019-04-29 04:56:21
终于有个玩游戏比夏哥还弱的了,992.76200,2019-04-29 04:57:31
我来了~,7.85700,2019-04-29 09:02:56
草,2667.18400,2019-04-30 05:32:30
哈哈哈哈,560.46200,2019-04-30 10:12:25
这存档真好，就剩一条命了2333,2483.79400,2019-05-05 10:58:15
信仰之跃,988.45200,2019-05-06 04:53:39
无敌→落穴死,1186.81200,2019-05-09 00:58:09
太秀了,2664.45500,2019-05-16 01:59:06
诡异的op加手指233,70.23200,2019-05-18 20:21:56
