这就是虚拟yutuber啊,806.60800,2019-01-26 10:46:43
名台词,810.26000,2019-01-26 10:48:24
非和谐版的,8.23000,2019-01-26 14:10:13
难道我是第一？,6.98200,2019-01-26 16:46:15
这一笑好可爱,3211.70800,2019-01-26 17:24:40
睡得不舒服  翻个身,4002.32400,2019-01-26 17:38:04
我的王之力量啊！！,4717.33600,2019-01-26 17:50:16
疯狂玩梗,4945.93600,2019-01-26 17:54:21
有肠子，不是日版？,1733.97700,2019-01-26 18:03:47
头巨铁,5095.40100,2019-01-26 20:00:42
是我卡了吗,449.05500,2019-01-27 03:33:50
等我有钱一定要换一个好点的电脑,475.97800,2019-01-27 03:34:17
2333,2704.98000,2019-01-30 07:45:04
豪气大小姐 直接就喝哇哈哈了,5797.45900,2019-02-02 13:46:43
魔法烧酒,4946.95200,2019-02-14 17:31:49
是某杂鱼电脑的问题,476.95400,2019-03-02 13:27:19
估计一会儿又要改成静态头像了,512.07400,2019-03-02 13:27:54
安堂桑终于吓到了,1735.04500,2019-03-02 14:51:10
她生7玩的就是非和谐版,1741.40900,2019-03-02 14:51:27
啊 3%的概率中奖了,2853.25700,2019-03-02 15:09:58
安堂-我从来不会被吓到-inari,5493.77400,2019-03-02 15:54:26
