日常忘人设的彩虹设,63.17600,2018-06-08 23:56:45
迫真拍摄,131.07700,2018-06-08 23:57:59
小孩打架呢，这是，233。。。,604.20600,2018-07-01 00:56:33
叫你贪拳，被抓了吧，233。。。,2111.21200,2018-07-01 01:22:40
233。。。,2191.98900,2018-07-01 01:24:05
哇，这么惨的吗，233。。。,2373.18900,2018-07-01 01:27:24
笑疯。。。,2521.98900,2018-07-01 01:30:56
vo,3411.14300,2018-07-01 01:56:27
出现了！kuso杂鱼拳！,601.15500,2018-07-01 08:35:53
肺癌（即死）,776.12800,2018-07-01 08:39:57
迫真演技,3379.40400,2018-07-02 05:00:35
神tm....,1901.27500,2018-07-20 05:54:45
草,2031.45100,2018-07-20 05:56:59
打架动作太草w,2111.61100,2018-07-20 05:58:26
太沙雕了hhhhhhh,2196.34800,2018-07-20 06:00:02
噗,2377.93800,2018-07-20 16:24:24
hhhhhhhhh,2524.89800,2018-07-20 16:26:57
听不到,14.88100,2018-07-31 23:12:54
你说什么？我近视听不清,26.08000,2018-07-31 23:13:18
很开心（大嘘）,2515.36900,2018-08-02 23:01:13
清楚,20.08400,2018-08-08 19:22:48
清楚的声线呢,28.44800,2018-09-05 13:21:49
草,264.75600,2018-09-05 13:25:48
kszk拳！,604.94300,2018-09-05 13:31:41
二手烟（致死量）,783.40000,2018-09-05 13:34:49
甩锅给观众们的阿委是屑（,1661.87300,2018-09-05 13:49:50
草,2034.49100,2018-09-05 13:56:06
草,2527.46700,2018-09-05 14:04:23
啊，wsl,2570.13600,2018-10-03 06:47:54
为KUSOgame流泪的委员长是鉴,3367.72500,2018-10-03 07:03:11
杂鱼又开始嚣张了23333,3777.61100,2018-10-03 07:16:46
耗子！耗子！,3784.77600,2018-10-03 07:16:59
特制内脏料理,3851.35800,2018-10-03 07:19:51
太特么清楚了,40.96500,2018-11-01 10:04:30
杂鱼记忆力,2236.27900,2018-12-02 20:26:31
草,3368.43200,2018-12-02 21:00:44
KKSK,3398.41400,2018-12-02 21:01:53
KKSK,3849.38100,2018-12-02 21:10:20
垃圾杂鱼券,9.41900,2018-12-22 01:48:37
喜多,256.83000,2018-12-22 01:54:20
右下角那个,218.42200,2018-12-22 01:53:34
哈哈哈哈,370.26100,2018-12-22 01:56:20
2333333,483.42700,2018-12-22 01:58:13
垃圾杂鱼拳,602.07900,2018-12-22 02:00:33
兴奋地拍起了肚皮,1151.86900,2018-12-22 02:12:01
当面NTR,1332.81800,2018-12-22 02:15:07
被扣了绿帽子真高兴,1352.73100,2018-12-22 02:15:35
打耳光之后再打,1640.46200,2018-12-22 02:20:34
强力甩锅,1736.33000,2018-12-22 02:22:11
垃圾杂鱼拳,2033.11500,2018-12-22 02:27:37
三明治,2193.19500,2018-12-22 02:31:21
啊啊啊啊啊啊啊,2885.40800,2018-12-22 02:44:40
假哭到吐血,3399.41400,2018-12-22 02:53:25
awsl,33.01500,2019-01-22 01:21:14
太沙雕了,432.53100,2019-01-26 20:59:11
名 场 景,605.91100,2019-01-26 21:16:25
吸入二手烟即死,790.11000,2019-01-26 21:19:43
本性暴露,302.77300,2019-03-27 18:04:08
疯狂吐槽的MT,454.05200,2019-03-27 18:06:46
2333333333333,424.85400,2019-03-27 18:06:17
名言出现！,605.08400,2019-03-27 18:09:17
好痛WWW,1465.78100,2019-03-27 18:24:16
谐音。。。。,2431.64800,2019-03-27 18:41:58
23333,3013.02000,2019-03-27 18:51:40
WWWW,3020.44000,2019-03-27 18:51:47
クソ雑魚パンチやめてくださいちょっとｗ,604.31500,2019-04-04 06:14:31
还是清楚的阿委,42.46700,2019-04-13 06:07:42
